56546.9071712 	1027.5351098	0.400696658958
56546.9902718 	1027.76568601	0.400743419267
56547.0733723 	1027.91045573	0.377850432148
56547.1564728 	1028.28318276	0.400843806034
56547.2395734 	1027.70868645	0.400732300861
56547.3226739 	1027.63449982	0.400721608623
56547.4057745 	1027.6273095	0.4007242284
56547.488875 	1027.06405143	0.400619210664
56547.5719756 	1027.65287905	0.377819059223
56547.6550761 	1027.58683283	0.400728310344
56547.7381767 	1027.48321379	0.400710641928
56547.8212772 	1028.53015501	0.400918196632
56547.9043777 	1027.01689222	0.40062524376
56547.9874783 	1027.25033258	0.400670915612
56548.0705788 	1027.6257928	0.377823960617
56548.1536794 	1027.48662564	0.400712104172
56548.2367799 	1026.73952927	0.400563384985
56548.3198805 	1027.19597938	0.40065217829
56548.402981 	1027.11704846	0.400635816693
56548.4860815 	1026.84972369	0.377672141072
56548.5691821 	1026.76922393	0.40056381163
56548.6522826 	1027.23348934	0.400651660336
56548.7353832 	1026.62679131	0.400531811997
56548.8184837 	1026.49353741	0.400503314934
56548.9015843 	1027.27185692	0.400653671215
56548.9846848 	1027.04095358	0.377693005194
56549.0677854 	1026.69362469	0.400530257664
56549.1508859 	1026.51675147	0.400489477127
56549.2339864 	1026.87106251	0.400553328222
56549.317087 	1026.67959086	0.400512123334
56549.4001875 	1027.23809052	0.400619789601
56549.4832881 	1027.14029826	0.377688076565
56549.5663886 	1027.04451991	0.400577921132
56549.6494892 	1026.96894445	0.400563080238
56549.7325897 	1027.09534699	0.400587855386
56549.8156903 	1027.30760779	0.400628717319
56549.8987908 	1026.28729853	0.40043223107
56549.9818913 	1027.15741017	0.377690221676
56550.0649919 	1026.8039132	0.400530806253
56550.1480924 	1026.70390502	0.400511148019
56550.231193 	1026.60442232	0.400493683383
56550.3142935 	1026.05506899	0.400390251524
56550.3973941 	1026.08037008	0.400401226994
56550.4804946 	1026.32916368	0.377553804113
56550.5635951 	1026.41141955	0.400476553279
56550.6466957 	1026.97044015	0.400589104769
56550.7297962 	1026.36240085	0.400473627067
56550.8128968 	1025.47531263	0.400303870174
56550.8959973 	1026.62821456	0.40052943478
56550.9790979 	1026.23720502	0.377550840743
56551.0621984 	1026.66697163	0.400535499704
56551.145299 	1026.29022343	0.400459330995
56551.2283995 	1026.86591842	0.400568139003
56551.3115 	1026.12075294	0.400422445382
56551.3946006 	1026.61946649	0.400519681945
56551.4777011 	1026.10049374	0.377517986654
56551.5608017 	1026.27925934	0.400452899121
56551.6439022 	1025.80086251	0.40035646958
56551.7270028 	1026.30274044	0.400452929604
56551.8101033 	1025.71558046	0.400334942774
56551.8932038 	1026.4502681	0.400478199264
56551.9763044 	1026.64059726	0.377609643958
56552.0594049 	1026.53329593	0.400490604895
56552.1425055 	1026.45212651	0.400470609389
56552.225606 	1026.3000089	0.400435919694
56552.3087066 	1026.31447188	0.400435584366
56552.3918071 	1025.93594991	0.400360128412
56552.4749077 	1026.0027186	0.377471178689
56552.5580082 	1025.00406623	0.400167109868
56552.6411087 	1026.3965989	0.40043262737
56552.7242093 	1026.68215924	0.400484264965
56552.8073098 	1025.96853334	0.400340644746
56552.8904104 	1025.58837577	0.377370031179
56552.9735109 	1025.91613721	0.400321465064
56553.0566115 	1025.52444156	0.400240558768
56553.139712 	1025.25633083	0.400185442854
56553.2228126 	1025.60688456	0.400255381122
56553.3059131 	1025.3801534	0.400211705451
56553.3890136 	1025.76695623	0.377398374637
56553.4721142 	1024.93447852	0.4001362988
56553.5552147 	1025.08912805	0.400171868594
56553.6383153 	1025.25505512	0.400205117086
56553.7214158 	1025.57583648	0.400266970235
56553.8045164 	1025.00418675	0.400158537918
56553.8876169 	1024.8407566	0.377245028766
56553.9707174 	1024.30193636	0.40002642735
56554.053818 	1024.94697055	0.400152711328
56554.1369185 	1025.27306985	0.400216829659
56554.2200191 	1024.30091305	0.400030455384
56554.3031196 	1024.51243761	0.400072564219
56554.3862202 	1025.5779363	0.377391448705
56554.4693207 	1024.41735164	0.400060877936
56554.5524213 	1025.37417934	0.400250745383
56554.6355218 	1024.84856961	0.400149233636
56554.7186223 	1024.30849709	0.400044309069
56554.8017229 	1024.80169078	0.400144108562
56554.8848234 	1024.62372224	0.37723106887
56554.967924 	1025.79757045	0.400345431901
56555.0510245 	1024.54342802	0.400100664823
56555.1341251 	1024.95093568	0.400179403128
56555.2172256 	1025.34080047	0.400257089012
56555.3003262 	1024.68819484	0.400131356606
56555.3834267 	1024.92859172	0.377296133939
56555.4665272 	1024.14602374	0.400032621961
56555.5496278 	1025.16642597	0.400232811887
56555.6327283 	1024.30965892	0.400067773799
56555.7158289 	1024.32561557	0.400071831929
56555.7989294 	1024.71709117	0.400152009691
56555.88203 	1024.30809807	0.37719233129
56555.9651305 	1024.77735051	0.400162503612
56556.048231 	1024.05483801	0.400017516706
56556.1313316 	1023.92400671	0.39998721293
56556.2144321 	1024.59929787	0.40011472964
56556.2975327 	1024.47731438	0.400089070894
56556.3806332 	1024.79601042	0.377265302932
56556.4637338 	1024.34645507	0.400059748956
56556.5468343 	1023.77230378	0.399944545717
56556.6299349 	1023.43289183	0.399876537343
56556.7130354 	1024.03518947	0.399990997213
56556.7961359 	1024.2605718	0.377155942467
56556.8792365 	1024.06525267	0.399992614678
56556.962337 	1023.99576834	0.399979369585
56557.0454376 	1024.34777759	0.400044125984
56557.1285381 	1024.41167693	0.400052059601
56557.2116387 	1024.50161156	0.40006569895
56557.2947392 	1023.95551776	0.377081363817
56557.3778397 	1023.80736727	0.399924156628
56557.4609403 	1024.40270156	0.400036405814
56557.5440408 	1023.71627795	0.399898424603
56557.6271414 	1023.73719657	0.399899370887
56557.7102419 	1024.21955209	0.399992645196
56557.7933425 	1024.54128997	0.377175224122
56557.876443 	1023.50891848	0.399849825325
56557.9595436 	1023.44848684	0.399836025961
56558.0426441 	1023.74947601	0.399890793198
56558.1257446 	1023.99905664	0.399932031579
56558.2088452 	1024.19662901	0.39996554417
56558.2919457 	1022.93093022	0.376858230336
56558.3750463 	1023.50690543	0.399835903841
56558.4581468 	1023.99542596	0.399938502353
56558.5412474 	1022.95504553	0.399738653636
56558.6243479 	1022.97503165	0.399745860428
56558.7074485 	1024.18289244	0.399984893514
56558.790549 	1023.13800038	0.376917602213
56558.8736495 	1023.21935966	0.399796670734
56558.9567501 	1022.86795945	0.399727262975
56559.0398506 	1023.40994494	0.399827782751
56559.1229512 	1023.27569199	0.399795999005
56559.2060517 	1023.35217485	0.376941885687
56559.2891523 	1022.37606571	0.399616576487
56559.3722528 	1023.11381092	0.399760273623
56559.4553533 	1023.49899448	0.399835964901
56559.5384539 	1022.51236101	0.399642907012
56559.6215544 	1022.85346496	0.399711138374
56559.704655 	1022.49620344	0.376788226042
56559.7877555 	1023.58787991	0.399860815628
56559.8708561 	1023.32455613	0.39981337199
56559.9539566 	1022.88058886	0.399729217428
56560.0370572 	1022.27876113	0.399613613431
56560.1201577 	1022.92800665	0.399741982213
56560.2032582 	1022.9355011	0.376884078725
56560.2863588 	1022.65324761	0.399692753093
56560.3694593 	1022.70372681	0.399711993483
56560.4525599 	1022.7142362	0.399714803114
56560.5356604 	1023.18676799	0.399811021033
56560.618761 	1021.95905632	0.399575549949
56560.7018615 	1022.57953873	0.376840647299
56560.7849621 	1022.35860872	0.399658790017
56560.8680626 	1022.52815387	0.39969489096
56560.9511631 	1021.94443593	0.399580682315
56561.0342637 	1022.45945229	0.399679498063
56561.1173642 	1021.97805342	0.376730856338
56561.2004648 	1022.42968205	0.399672228989
56561.2835653 	1022.47056423	0.399681605459
56561.3666659 	1022.16481205	0.399625404432
56561.4497664 	1022.51508777	0.399695685022
56561.5328669 	1021.60603338	0.399520861715
56561.6159675 	1022.62328969	0.376862350841
56561.699068 	1022.78137537	0.399754563373
56561.7821686 	1021.63675524	0.399534549752
56561.8652691 	1022.2078694	0.399650298796
56561.9483697 	1022.51545585	0.399714619877
56562.0314702 	1022.09965258	0.399630963799
56562.1145708 	1022.19247412	0.37679155378
56562.1976713 	1022.17628143	0.399646419654
56562.2807718 	1022.76369411	0.399764243268
56562.3638724 	1022.0790906	0.399633865635
56562.4469729 	1021.66630721	0.399557280634
56562.5300735 	1021.95572038	0.399613582884
56562.613174 	1022.50531587	0.376860712882
56562.6962746 	1022.16201798	0.399654422253
56562.7793751 	1022.32460631	0.399687194585
56562.8624757 	1021.7796429	0.399579460329
56562.9455762 	1022.23254448	0.399665295757
56563.0286767 	1022.02395643	0.376765110251
56563.1117773 	1022.28249615	0.39966621205
56563.1948778 	1021.62217566	0.399533052646
56563.2779784 	1021.75643822	0.399557830559
56563.3610789 	1021.58874027	0.399523367149
56563.4441795 	1021.71529725	0.399546312534
56563.52728 	1021.78777965	0.376705125454
56563.6103805 	1021.16842309	0.39942931091
56563.6934811 	1021.89124492	0.3995665987
56563.7765816 	1021.65726804	0.399518539591
56563.8596822 	1020.65970409	0.399323677502
56563.9427827 	1021.84106497	0.399550742583
56564.0258833 	1021.3357565	0.376602773383
56564.1089838 	1021.26598263	0.399429983255
56564.1920844 	1021.35779464	0.399447494399
56564.2751849 	1020.9228788	0.399362834811
56564.3582854 	1020.9396214	0.39936586086
56564.441386 	1021.16716199	0.399410454217
56564.5244865 	1020.98235868	0.376533823059
56564.6075871 	1021.10535165	0.399397923344
56564.6906876 	1021.66077615	0.399504728783
56564.7737882 	1021.01966975	0.399377873131
56564.8568887 	1020.29016195	0.399233702019
56564.9399892 	1020.8498205	0.376500547194
56565.0230898 	1020.93632097	0.399350149608
56565.1061903 	1020.86087229	0.399327987746
56565.1892909 	1020.92267685	0.399333367842
56565.2723914 	1020.94708435	0.399331992256
56565.355492 	1020.02142904	0.399146061142
56565.4385925 	1021.41849208	0.376569734127
56565.5216931 	1020.8501256	0.399293687928
56565.6047936 	1021.05484433	0.399327192952
56565.6878941 	1021.01821036	0.399315270866
56565.7709947 	1021.11496217	0.399335263086
56565.8540952 	1020.6752955	0.399251191197
56565.9371958 	1021.54806656	0.37658546015
56566.0202963 	1021.16272938	0.39935864721
56566.1033969 	1020.09091452	0.399153920861
56566.1864974 	1020.39080879	0.399216579006
56566.269598 	1019.88341779	0.399118657951
56566.3526985 	1020.23814443	0.399191474117
56566.435799 	1020.11661134	0.376339787695
56566.5188996 	1020.23020571	0.3991871624
56566.6020001 	1020.09064417	0.399155786375
56566.6851007 	1019.91857737	0.399120921233
56566.7682012 	1020.88219474	0.399305457805
56566.8513018 	1019.97140626	0.376306366517
56566.9344023 	1020.53876007	0.399264857905
56567.0175028 	1020.2942832	0.399213368359
56567.1006034 	1020.74152802	0.399308239725
56567.1837039 	1020.57966451	0.399285219515
56567.2668045 	1019.67234516	0.39910021479
56567.349905 	1020.39291188	0.376408696691
56567.4330056 	1019.73511982	0.399115599443
56567.5161061 	1020.5180395	0.399272012103
56567.5992067 	1019.81345751	0.399137497847
56567.6823072 	1020.04529155	0.399185480512
56567.7654077 	1020.3639561	0.39925146637
56567.8485083 	1019.83388925	0.376324000147
56567.9316088 	1020.0151951	0.399189180656
56568.0147094 	1019.45840666	0.399084768369
56568.0978099 	1019.68711467	0.399131931607
56568.1809105 	1019.93671796	0.399184563115
56568.264011 	1019.53056649	0.376284323319
56568.3471116 	1020.25053857	0.399254768434
56568.4302121 	1019.76502147	0.399162973109
56568.5133126 	1019.25288542	0.399065650683
56568.5964132 	1019.86297128	0.399187101241
56568.6795137 	1019.9935142	0.399215967456
56568.7626143 	1019.22609786	0.376246462393
56568.8457148 	1019.4876536	0.399125386588
56568.9288154 	1020.04357373	0.399237890931
56569.0119159 	1020.12945725	0.399257887025
56569.0950164 	1019.90601454	0.399216273231
56569.178117 	1019.59937086	0.399157774208
56569.2612175 	1019.73107967	0.376355677092
56569.3443181 	1019.69983245	0.399182147295
56569.4274186 	1018.94634077	0.399038180788
56569.5105192 	1019.01417768	0.399053078393
56569.5936197 	1019.08805568	0.399070636663
56569.6767203 	1019.31379522	0.376290654462
56569.7598208 	1018.8815062	0.399034938114
56569.8429213 	1019.55868292	0.399171046563
56569.9260219 	1019.18736683	0.399102080555
56570.0091224 	1019.16780573	0.399102049969
56570.092223 	1018.68285018	0.399007802634
56570.1753235 	1019.41703057	0.376323282515
56570.2584241 	1018.9686064	0.399062867071
56570.3415246 	1019.10742352	0.399093669251
56570.4246251 	1019.40174872	0.399152789316
56570.5077257 	1018.94532586	0.399063387088
56570.5908262 	1019.67403313	0.399206243689
56570.6739268 	1018.78483261	0.376208674569
56570.7570273 	1018.31038247	0.39893538133
56570.8401279 	1019.19865046	0.399106087332
56570.9232284 	1018.77493065	0.399020162202
56571.006329 	1018.38004811	0.398938318825
56571.0894295 	1018.89288899	0.376211392138
56571.17253 	1018.63027037	0.398985285208
56571.2556306 	1019.25548107	0.399095840913
56571.3387311 	1019.00456389	0.399036192359
56571.4218317 	1019.2871829	0.399088255336
56571.5049322 	1018.7084573	0.398974484959
56571.5880328 	1018.58877395	0.376135959502
56571.6711333 	1019.38910195	0.399105781472
56571.7542339 	1018.57654034	0.39894713118
56571.8373344 	1018.64810903	0.398963592627
56571.9204349 	1018.79659706	0.39899351523
56572.0035355 	1018.70951879	0.39897323052
56572.086636 	1017.68539158	0.375964346468
56572.1697366 	1017.73619859	0.398777214246
56572.2528371 	1018.7575768	0.398977575145
56572.3359377 	1017.40599387	0.398713507343
56572.4190382 	1018.38822384	0.398908851098
56572.5021387 	1018.06779296	0.376036863876
56572.5852393 	1018.45731544	0.398927639703
56572.6683398 	1018.56694229	0.398950068588
56572.7514404 	1018.14290604	0.398867965995
56572.8345409 	1018.21936252	0.398882380308
56572.9176415 	1018.50731855	0.398938349423
56573.000742 	1018.02892683	0.376030605408
56573.0838426 	1018.0404192	0.398836350613
56573.1669431 	1018.6354201	0.398949670815
56573.2500436 	1018.40986749	0.39890233302
56573.3331442 	1018.48126735	0.398912768014
56573.4162447 	1017.77505022	0.398768673642
56573.4993453 	1018.13191677	0.37602324388
56573.5824458 	1017.33285749	0.398667948063
56573.6655464 	1018.38659926	0.398865793091
56573.7486469 	1017.55158719	0.398696423223
56573.8317475 	1017.645727	0.398708271964
56573.914848 	1018.7564057	0.376109623746
56573.9979485 	1018.87457085	0.398943979561
56574.0810491 	1017.95335716	0.398760683879
56574.1641496 	1018.64566451	0.398896212663
56574.2472502 	1018.12724297	0.398794264295
56574.3303507 	1017.1149932	0.398599109382
56574.4134513 	1017.97103401	0.37595942083
56574.4965518 	1017.70586161	0.398716507704
56574.5796523 	1018.23458046	0.398820955188
56574.6627529 	1018.23825783	0.398824291424
56574.7458534 	1017.16272887	0.39861812695
56574.828954 	1017.10905631	0.375815958989
56574.9120545 	1018.14496711	0.398820893972
56574.9951551 	1017.64086277	0.398730437657
56575.0782556 	1017.84651801	0.398778408079
56575.1613562 	1017.74025711	0.398764877759
56575.2444567 	1017.25693137	0.398677440009
56575.3275572 	1016.63679546	0.375769016013
56575.4106578 	1017.27215821	0.398692718505
56575.4937583 	1016.89395923	0.398619229389
56575.5768589 	1016.93666395	0.398630406733
56575.6599594 	1017.38096143	0.398717946645
56575.74306 	1017.40186517	0.375915702972
56575.8261605 	1017.31380082	0.398701536289
56575.9092611 	1017.97736435	0.398846481274
56575.9923616 	1017.36835502	0.398714885062
56576.0754621 	1017.82656432	0.398794784662
56576.1585627 	1017.34221915	0.398691401944
56576.2416632 	1016.34951837	0.375693212157
56576.3247638 	1017.2622188	0.398653005445
56576.4078643 	1017.26228847	0.398649484049
56576.4909649 	1017.012192	0.398599262506
56576.5740654 	1017.80187924	0.398753826637
56576.6571659 	1016.9986936	0.39859534251
56576.7402665 	1017.73750303	0.375935869235
56576.823367 	1016.40551203	0.398482656755
56576.9064676 	1016.08939887	0.398424509592
56576.9895681 	1016.13890864	0.398436580881
56577.0726687 	1017.52770239	0.39871017018
56577.1557692 	1016.44482154	0.375711233965
56577.2388698 	1017.01393376	0.398614605246
56577.3219703 	1016.37875793	0.398494971345
56577.4050708 	1016.15894055	0.398457291175
56577.4881714 	1017.51644422	0.398726029109
56577.5712719 	1016.42208412	0.398514055145
56577.6543725 	1016.40113831	0.375722349549
56577.737473 	1016.55850009	0.398546492446
56577.8205736 	1015.89682083	0.398418443172
56577.9036741 	1016.95006033	0.398626578911
56577.9867746 	1016.55999898	0.398549524693
56578.0698752 	1016.49310446	0.375743065246
56578.1529757 	1016.35452361	0.398508143247
56578.2360763 	1016.61403999	0.398563031696
56578.3191768 	1016.55779465	0.398553598281
56578.4022774 	1016.8521434	0.398615033977
56578.4853779 	1016.34488487	0.398516781328
56578.5684785 	1016.40490643	0.375738906796
56578.651579 	1015.77582046	0.398407596917
56578.7346795 	1016.52753911	0.39855522158
56578.8177801 	1015.87891214	0.39843057592
56578.9008806 	1016.64260524	0.398583429159
56578.9839812 	1016.23809132	0.375715033324
56579.0670817 	1015.83145655	0.398425765759
56579.1501823 	1015.46728311	0.39835382087
56579.2332828 	1016.42618631	0.398541071098
56579.3163834 	1015.89914138	0.398438633577
56579.3994839 	1015.70656132	0.398404318471
56579.4825844 	1015.86047343	0.375650438992
56579.565685 	1015.52165714	0.398373830697
56579.6487855 	1015.62821254	0.39839552475
56579.7318861 	1015.95194968	0.398459405035
56579.8149866 	1015.85574956	0.398440686262
56579.8980872 	1015.65691188	0.375620525692
56579.9811877 	1015.64104504	0.398402725198
56580.0642882 	1015.64560411	0.398403613755
56580.1473888 	1016.06521686	0.398484923648
56580.2304893 	1016.05551163	0.398482411684
56580.3135899 	1015.57251066	0.398391235059
56580.3966904 	1014.86442977	0.375478578362
56580.479791 	1016.26960501	0.398534301966
56580.5628915 	1014.50985892	0.398188831716
56580.6459921 	1015.46207066	0.398375914358
56580.7290926 	1015.54897624	0.398392552612
56580.8121931 	1015.01524984	0.398289126786
56580.8952937 	1015.38217177	0.375581313836
56580.9783942 	1015.60167467	0.398407045405
56581.0614948 	1015.33975336	0.398355077259
56581.1445953 	1015.82878786	0.398446108976
56581.2276959 	1015.12741225	0.398305155716
56581.3107964 	1015.56745982	0.375605966168
56581.393897 	1014.6990656	0.398217647678
56581.4769975 	1015.59197106	0.398391541467
56581.560098 	1014.88309424	0.398247994149
56581.6431986 	1015.34294008	0.398334668103
56581.7262991 	1014.90223373	0.398244714389
56581.8093997 	1014.83936263	0.375453352505
56581.8925002 	1015.52541332	0.39836013342
56581.9756008 	1015.31693626	0.398318088724
56582.0587013 	1013.95505447	0.398048523365
56582.1418018 	1014.58477527	0.398173257966
56582.2249024 	1014.68640589	0.375421059908
56582.3080029 	1014.94972632	0.39824903631
56582.3911035 	1014.67735371	0.398195116226
56582.474204 	1014.1879837	0.398097403871
56582.5573046 	1015.3059078	0.398318732299
56582.6404051 	1014.10253326	0.398083727747
56582.7235057 	1014.57886919	0.375406492648
56582.8066062 	1014.68163135	0.398201339326
56582.8897067 	1014.66361243	0.398199837207
56582.9728073 	1014.20004356	0.398108350564
56583.0559078 	1015.19622556	0.398303439456
56583.1390084 	1014.54715365	0.375401122916
56583.2221089 	1014.86283282	0.39823168704
56583.3052095 	1014.34559298	0.398130610979
56583.38831 	1014.52490162	0.398164735066
56583.4714105 	1013.85613401	0.398035152244
56583.5545111 	1015.26898282	0.39831214327
56583.6376116 	1013.73686964	0.375246883752
56583.7207122 	1014.95141451	0.398247963497
56583.8038127 	1014.73442473	0.398208022152
56583.8869133 	1014.04892311	0.398077564138
56583.9700138 	1014.62804253	0.39819379802
56584.0531144 	1014.5637304	0.375409164639
56584.1362149 	1014.26140455	0.398120584748
56584.2193154 	1014.25387573	0.398117181291
56584.302416 	1013.65255003	0.397997581896
56584.3855165 	1014.20198753	0.398104364408
56584.4686171 	1013.80173857	0.398022026028
56584.5517176 	1014.1829823	0.375326966511
56584.6348182 	1014.37428024	0.398129353881
56584.7179187 	1013.83596033	0.39802064591
56584.8010193 	1013.18356731	0.39788957423
56584.8841198 	1014.64128884	0.398173993748
56584.9672203 	1013.6892865	0.375221513794
56585.0503209 	1013.84950419	0.398009359432
56585.1334214 	1013.52834004	0.397942462078
56585.216522 	1013.65249984	0.397964486383
56585.2996225 	1014.38094958	0.398104855014
56585.3827231 	1013.61323718	0.397952768868
56585.4658236 	1013.56712297	0.375184728163
56585.5489241 	1014.37749242	0.398102371315
56585.6320247 	1013.51728578	0.397930222419
56585.7151252 	1013.11134141	0.397850241238
56585.7982258 	1013.84215633	0.397994576115
56585.8813263 	1013.42362219	0.397935406681
56585.9644269 	1014.05577957	0.398061832705
56586.0475274 	1013.94290194	0.375276235707
56586.130628 	1013.28229654	0.397906171464
56586.2137285 	1013.34814002	0.397917491546
56586.296829 	1012.51219101	0.397758981082
56586.3799296 	1013.17347041	0.397893593217
56586.4630301 	1012.88295193	0.397838551042
56586.5461307 	1013.12488872	0.375130918505
56586.6292312 	1013.07321805	0.39787515463
56586.7123318 	1013.44369492	0.397945038801
56586.7954323 	1013.082451	0.397872117243
56586.8785329 	1012.83208836	0.397821429348
56586.9616334 	1012.86519907	0.375075506802
56587.0447339 	1012.93554914	0.397839287443
56587.1278345 	1012.79740092	0.397810413388
56587.210935 	1012.78470851	0.397810781615
56587.2940356 	1013.11972605	0.39787638185
56587.3771361 	1012.17829123	0.397689248385
56587.4602367 	1013.40929319	0.375172414068
56587.5433372 	1013.47458161	0.39794304491
56587.6264377 	1013.08213291	0.397866686706
56587.7095383 	1012.57146952	0.397768402652
56587.7926388 	1013.26332739	0.397906539602
56587.8757394 	1013.37597751	0.375170151727
56587.9588399 	1012.88916717	0.397831094911
56588.0419405 	1013.14166317	0.397878590838
56588.125041 	1012.63704096	0.397774172103
56588.2081416 	1012.91350007	0.397825602445
56588.2912421 	1012.33680361	0.397715921358
56588.3743426 	1012.91502486	0.375082758358
56588.4574432 	1012.50114617	0.397757323844
56588.5405437 	1012.15455849	0.397689862283
56588.6236443 	1012.64262997	0.397786171065
56588.7067448 	1012.33891246	0.397726479555
56588.7898454 	1012.50587943	0.375011419579
56588.8729459 	1012.17108827	0.397692931756
56588.9560465 	1012.40241068	0.397738479956
56589.039147 	1012.05158848	0.397673839248
56589.1222475 	1012.65779185	0.397796573964
56589.2053481 	1012.43192998	0.397756710051
56589.2884486 	1012.01658077	0.37493538538
56589.3715492 	1012.53006363	0.397782120305
56589.4546497 	1012.31661765	0.397743421192
56589.5377503 	1012.767302	0.397832383635
56589.6208508 	1012.23562132	0.397730254656
56589.7039513 	1012.36033736	0.375007844568
56589.7870519 	1011.64278884	0.397615758007
56589.8701524 	1012.26358018	0.397749651359
56589.953253 	1012.00703328	0.397714724335
56590.0363535 	1012.59512218	0.397830696019
56590.1194541 	1011.27241932	0.397571116869
56590.2025546 	1011.11029992	0.37479956063
56590.2856552 	1011.55392912	0.397607438065
56590.3687557 	1011.87118443	0.39766533634
56590.4518562 	1011.70193052	0.397628621339
56590.5349568 	1011.8172213	0.397643786642
56590.6180573 	1011.77291974	0.374880870995
56590.7011579 	1011.8159849	0.397617415835
56590.7842584 	1011.83857044	0.397614069472
56590.867359 	1010.98018759	0.397442016211
56590.9504595 	1011.61425288	0.397562611765
56591.03356 	1011.04245247	0.397448926799
56591.1166606 	1012.1395111	0.374918200955
56591.1997611 	1012.20838158	0.397675159177
56591.2828617 	1011.38688926	0.397515999334
56591.3659622 	1011.48741054	0.397541977687
56591.4490628 	1010.89854183	0.397433170483
56591.5321633 	1011.22679852	0.374769116166
56591.6152639 	1011.32998817	0.397527883259
56591.6983644 	1011.19543846	0.3975062954
56591.7814649 	1011.50046965	0.397574064444
56591.8645655 	1010.8064424	0.397441678357
56591.947666 	1010.8851976	0.374730973458
56592.0307666 	1011.39932817	0.397564730382
56592.1138671 	1011.30537926	0.397544864066
56592.1969677 	1011.08631167	0.397499170842
56592.2800682 	1011.53500181	0.397588280046
56592.3631688 	1010.91450906	0.397481051779
56592.4462693 	1010.69889782	0.374705311166
56592.5293698 	1011.3864324	0.397566756875
56592.6124704 	1011.24805771	0.39753691112
56592.6955709 	1010.58861982	0.397404451223
56592.7786715 	1010.70236609	0.397426228905
56592.861772 	1010.87561865	0.374726469171
56592.9448726 	1011.45018257	0.397570472084
56593.0279731 	1011.18160347	0.397504637109
56593.1110736 	1010.82888906	0.39742054655
56593.1941742 	1010.67934695	0.397389798993
56593.2772747 	1010.5814796	0.397371797821
56593.3603753 	1010.03414385	0.374545403468
56593.4434758 	1010.73277953	0.397404205487
56593.5265764 	1010.14338549	0.397292441634
56593.6096769 	1010.78942099	0.397423433811
56593.6927775 	1010.51663341	0.397375176942
56593.775878 	1010.93577664	0.374734834233
56593.8589785 	1010.53774042	0.397401348804
56593.9420791 	1009.91438961	0.39729170422
56594.0251796 	1009.39090562	0.397192786157
56594.1082802 	1011.01226597	0.397514371792
56594.1913807 	1009.75773957	0.397270994617
56594.2744813 	1010.2815046	0.374652745598
56594.3575818 	1009.95280361	0.397317850857
56594.4406824 	1010.47353339	0.397421498734
56594.5237829 	1009.41866609	0.397214391055
56594.6068834 	1010.37662785	0.397399935813
56594.689984 	1009.45328378	0.374501288753
56594.7730845 	1010.34974516	0.397392410017
56594.8561851 	1009.90074749	0.397303379782
56594.9392856 	1010.25120709	0.397368142193
56595.0223862 	1009.82306462	0.397274927681
56595.1054867 	1010.72624102	0.397442999058
56595.1885872 	1009.98017704	0.374566725006
56595.2716878 	1009.67116115	0.397220721713
56595.3547883 	1009.66195225	0.397213868617
56595.4378889 	1009.69889953	0.397214421786
56595.5209894 	1010.2208911	0.397307404698
56595.60409 	1009.82914531	0.374505229158
56595.6871905 	1009.74448875	0.397197857113
56595.7702911 	1010.00251603	0.397242816762
56595.8533916 	1009.75305049	0.397189774285
56595.9364921 	1009.38112168	0.397113394198
56596.0195927 	1009.70057592	0.39717228654
56596.1026932 	1009.41777964	0.374399235855
56596.1857938 	1009.25862146	0.39707349244
56596.2688943 	1009.35389116	0.397090677125
56596.3519949 	1009.38885567	0.397096548644
56596.4350954 	1009.14583392	0.397046622587
56596.518196 	1009.72681741	0.374446530863
56596.6012965 	1009.08532144	0.397036507492
56596.684397 	1010.26103646	0.397269273889
56596.7674976 	1009.81515555	0.397183350932
56596.8505981 	1009.46138267	0.39712246222
56596.9336987 	1009.52673535	0.374430045264
56597.0167992 	1009.55019234	0.397134757513
56597.0998998 	1009.95852019	0.397214360323
56597.1830003 	1009.93899403	0.397206708082
56597.2661008 	1009.91433934	0.397200192805
56597.3492014 	1009.08098481	0.397035185439
56597.4323019 	1009.47228406	0.37439743255
56597.5154025 	1009.50177387	0.397110627642
56597.598503 	1009.36371501	0.397079733118
56597.6816036 	1008.97082727	0.397002163437
56597.7647041 	1008.96983139	0.397000533788
56597.8478047 	1009.12509249	0.374327869877
56597.9309052 	1009.3917603	0.397087387806
56598.0140057 	1009.47355796	0.397105248171
56598.0971063 	1009.18674537	0.397050865316
56598.1802068 	1009.32742818	0.397086096664
56598.2633074 	1009.15130734	0.397056399243
56598.3464079 	1009.33338665	0.374388905377
56598.4295085 	1008.64976487	0.396968892683
56598.512609 	1009.92201606	0.397223241655
56598.5957095 	1009.27106198	0.397098085677
56598.6788101 	1009.39851165	0.397124460231
56598.7619106 	1008.85078529	0.374314084628
56598.8450112 	1008.44099738	0.396940109079
56598.9281117 	1008.68304953	0.396989956284
56599.0112123 	1008.41575944	0.396937249055
56599.0943128 	1008.5195461	0.39695557745
56599.1774134 	1008.72968314	0.374293109461
56599.2605139 	1007.88298278	0.396832828714
56599.3436144 	1008.78856718	0.397010311579
56599.426715 	1008.92871	0.39703853668
56599.5098155 	1008.73757815	0.397001917452
56599.5929161 	1008.60767668	0.396976980008
56599.6760166 	1008.29039348	0.374212625034
56599.7591172 	1007.62742936	0.396778377756
56599.8422177 	1008.31191596	0.396910369979
56599.9253183 	1008.71828406	0.396988910818
56600.0084188 	1008.00633563	0.39684377953
56600.0915193 	1008.29298278	0.37419618068
56600.1746199 	1008.35915789	0.396902865656
56600.2577204 	1008.37048809	0.3969028349
56600.340821 	1008.14165487	0.396856544846
56600.4239215 	1007.37309765	0.396705795623
56600.5070221 	1008.60130287	0.355041238802
56600.5901226 	1008.24151359	0.338461345102
56600.6732231 	1007.9884935	0.396835627968
56600.7563237 	1007.57396229	0.396758256698
56600.8394242 	1008.13042794	0.396873000733
56600.9225248 	1007.9449137	0.374145296552
56601.0056253 	1008.42579849	0.396939432516
56601.0887259 	1008.85896745	0.397026053931
56601.1718264 	1006.85861686	0.396639355486
56601.254927 	1007.97103024	0.396875738188
56601.3380275 	1007.52827569	0.396787976433
56601.421128 	1008.06871044	0.3742004336
56601.5042286 	1008.4415142	0.396974489252
56601.5873291 	1008.26246072	0.396939863056
56601.6704297 	1008.01517593	0.3968918242
56601.7535302 	1007.83376703	0.396856452569
56601.8366308 	1009.04933613	0.374389472143
56601.9197313 	1007.48372922	0.396792683392
56602.0028319 	1009.30330118	0.397150740825
56602.0859324 	1008.15192651	0.396921687707
56602.1690329 	1008.17939847	0.396927438711
56602.2521335 	1007.95766141	0.374180405794
56602.335234 	1007.41901194	0.396759333539
56602.4183346 	1007.16010516	0.396704872493
56602.5014351 	1008.04033703	0.396875399852
56602.5845357 	1007.9473233	0.396853438145
56602.6676362 	1007.72643466	0.396807696065
56602.7507367 	1007.74101745	0.374113355107
56602.8338373 	1007.71261541	0.396800774309
56602.9169378 	1007.9303489	0.39684282596
56603.0000384 	1007.83636463	0.39682369255
56603.0831389 	1007.58035344	0.3967694557
56603.1662395 	1006.94809375	0.373960364433
56603.24934 	1006.7675175	0.396608793594
56603.3324406 	1006.51429997	0.396558621435
56603.4155411 	1007.78980408	0.39681043397
56603.4986416 	1007.35135341	0.396726196267
56603.5817422 	1007.10838263	0.373992602629
56603.6648427 	1007.04870919	0.396670068892
56603.7479433 	1006.33641979	0.396532116892
56603.8310438 	1006.90080384	0.39664563377
56603.9141444 	1006.94187965	0.396677885351
56603.9972449 	1006.25306052	0.396540120773
56604.0803454 	1006.23037815	0.373858912039
56604.163446 	1007.05170329	0.39670077992
56604.2465465 	1006.65459515	0.396615995702
56604.3296471 	1006.74763801	0.396632246132
56604.4127476 	1007.34375942	0.396749364957
56604.4958482 	1005.67323736	0.373748787107
56604.5789487 	1006.88042593	0.396655604959
56604.6620493 	1006.029764	0.396487292169
56604.7451498 	1006.79577515	0.396635139131
56604.8282503 	1006.97363754	0.396664314156
56604.9113509 	1005.83287209	0.373760167499
56604.9944514 	1006.10904621	0.396478271197
56605.077552 	1005.94005683	0.396435749789
56605.1606525 	1005.71110313	0.396379581287
56605.2437531 	1006.58006001	0.396542491122
56605.3268536 	1006.01203455	0.373754748308
56605.4099542 	1005.56982605	0.396335878904
56605.4930547 	1005.82829197	0.396386849151
56605.5761552 	1006.05040578	0.396433994644
56605.6592558 	1006.30274242	0.396488154231
56605.7423563 	1005.83848427	0.396399813951
56605.8254569 	1005.95012114	0.373753612848
56605.9085574 	1006.38345662	0.396513922852
56605.991658 	1006.03085381	0.396449821462
56606.0747585 	1006.58133338	0.396573796874
56606.157859 	1005.85621889	0.396440029848
56606.2409596 	1005.72516002	0.373741845157
56606.3240601 	1006.45158181	0.396555912573
56606.4071607 	1005.65778195	0.396401569247
56606.4902612 	1005.84740291	0.396438859764
56606.5733618 	1006.46051359	0.396562253743
56606.6564623 	1006.09529488	0.373816445021
56606.7395629 	1005.7082855	0.39641841354
56606.8226634 	1005.23739915	0.396328764106
56606.9057639 	1006.11495628	0.396506811249
56606.9888645 	1005.63343303	0.396416104036
56607.071965 	1005.83449994	0.396458381229
56607.1550656 	1006.42344343	0.373898123957
56607.2381661 	1005.36648468	0.396375331372
56607.3212667 	1005.95640712	0.396496651596
56607.4043672 	1005.32972032	0.396377363946
56607.4874678 	1005.57092754	0.396426358132
56607.5705683 	1005.11138337	0.373669346969
56607.6536688 	1006.07904077	0.396529961973
56607.7367694 	1005.81213185	0.396478455929
56607.8198699 	1005.3799546	0.396392515529
56607.9029705 	1004.38598074	0.39619704028
56607.986071 	1005.43465209	0.373731806197
56608.0691716 	1005.44695712	0.396400214282
56608.1522721 	1004.5803657	0.396227633931
56608.2353726 	1006.11187266	0.396529192356
56608.3184732 	1005.27127759	0.396363967246
56608.4015737 	1005.44989935	0.373728528637
56608.4846743 	1004.78710809	0.396267374422
56608.5677748 	1004.98704335	0.396305386015
56608.6508754 	1004.55850042	0.396219469693
56608.7339759 	1004.35943198	0.396179786021
56608.8170765 	1004.52758423	0.39621343113
56608.900177 	1005.05275743	0.373650684604
56608.9832775 	1004.95502046	0.396300211231
56609.0663781 	1005.20358228	0.396358023278
56609.1494786 	1004.84490473	0.396281082426
56609.2325792 	1005.15380701	0.396339420855
56609.3156797 	1004.9125504	0.3736275554
56609.3987803 	1004.83942802	0.396276400195
56609.4818808 	1004.74057701	0.396254097228
56609.5649814 	1004.3749913	0.396179169783
56609.6480819 	1004.61688856	0.396220455572
56609.7311824 	1005.24255233	0.373670895671
56609.814283 	1005.31607359	0.396347059042
56609.8973835 	1004.4140866	0.396163979228
56609.9804841 	1004.90285551	0.396254251259
56610.0635846 	1004.76220008	0.396222550558
56610.1466852 	1004.2791738	0.373472144746
56610.2297857 	1004.63713627	0.396193404624
56610.3128862 	1004.80545783	0.396225816247
56610.3959868 	1005.65661444	0.423764899503
56610.4790873 	1004.28346327	0.396126138962
56610.5621879 	1004.01114615	0.396075505004
56610.6452884 	1004.92856415	0.373593839956
56610.728389 	1004.89052493	0.396247289029
56610.8114895 	1005.50343694	0.396368217283
56610.8945901 	1003.84581727	0.396041200903
56610.9776906 	1004.65719808	0.396201723449
56611.0607911 	1004.08189873	0.373434515265
56611.1438917 	1003.79195214	0.39603001213
56611.2269922 	1004.52156732	0.396172853294
56611.3100928 	1003.87100288	0.396044468088
56611.3931933 	1004.42294416	0.423506266067
56611.4762939 	1002.82722221	0.373200362811
56611.5593944 	1003.92014618	0.396053837979
56611.6424949 	1003.73948223	0.396014168534
56611.7255955 	1004.1640488	0.396093472633
56611.808696 	1003.93544697	0.396044468088
56611.8917966 	1003.97870125	0.373398276841
56611.9748971 	1004.19537449	0.396087678701
56612.0579977 	1003.81176761	0.396005475864
56612.1410982 	1003.92915922	0.396021196511
56612.2241988 	1004.04859695	0.396037255587
56612.3072993 	1003.85732905	0.395993453771
56612.3903998 	1003.8266573	0.373334470071
56612.4735004 	1003.8727637	0.395985377186
56612.5566009 	1004.13715083	0.396034604805
56612.6397015 	1004.25944826	0.396057844773
56612.722802 	1004.23065504	0.396051618815
56612.8059026 	1003.77279772	0.373315532603
56612.8890031 	1003.42277479	0.395891621257
56612.9721037 	1003.07884615	0.395823286605
56613.0552042 	1004.03101343	0.396006955481
56613.1383047 	1003.68689484	0.395936605909
56613.2214053 	1003.76984637	0.373307290758
56613.3045058 	1003.91556837	0.395981369659
56613.3876064 	1003.22145092	0.395845058763
56613.4707069 	1003.79389345	0.395961547218
56613.5538075 	1003.21685887	0.395851627181
56613.636908 	1003.91261245	0.373346767285
56613.7200085 	1004.22763461	0.396060741968
56613.8031091 	1003.28327057	0.395883049235
56613.8862096 	1002.60535736	0.395755649587
56613.9693102 	1002.78945958	0.395797072078
56614.0524107 	1003.5460724	0.395948876366
56614.1355113 	1003.51661191	0.373300082225
56614.2186118 	1003.27593033	0.395902043105
56614.3017124 	1003.88162073	0.396026251645
56614.3848129 	1003.2212067	0.395897633895
56614.4679134 	1003.10228958	0.395877498907
56614.551014 	1002.82340335	0.373185993164
56614.6341145 	1003.00716767	0.395860014863
56614.7172151 	1002.75660436	0.395812924364
56614.8003156 	1003.43155914	0.395949801259
56614.8834162 	1003.01298987	0.395870468379
56614.9665167 	1003.23766243	0.373295638185
56615.0496173 	1002.59865575	0.395806046894
56615.1327178 	1002.17220575	0.395720330635
56615.2158183 	1002.80405233	0.395846353953
56615.2989189 	1002.70471119	0.395826648107
56615.3820194 	1002.74373047	0.373195478227
56615.46512 	1002.25197895	0.39573563076
56615.5482205 	1002.38570519	0.395765026316
56615.6313211 	1003.59092989	0.396005506689
56615.7144216 	1003.08393978	0.395909936393
56615.7975221 	1002.83491496	0.395865072055
56615.8806227 	1002.87072717	0.373233080124
56615.9637232 	1003.46268374	0.395991758319
56616.0468238 	1003.02949164	0.395906421432
56616.1299243 	1003.15227281	0.39592778821
56616.2130249 	1003.09385845	0.395917274543
56616.2961254 	1002.2877603	0.373113878125
56616.379226 	1002.60736757	0.395806139417
56616.4623265 	1002.87934757	0.395853662444
56616.545427 	1003.01006085	0.395874076165
56616.6285276 	1001.87656701	0.395645826614
56616.7116281 	1002.41670836	0.37311827263
56616.7947287 	1002.47583554	0.395763052286
56616.8778292 	1002.66042526	0.395802130075
56616.9609298 	1001.82219564	0.395636570477
56617.0440303 	1002.11303172	0.395695713467
56617.1271308 	1002.06658205	0.373059847332
56617.2102314 	1002.09811675	0.395701482289
56617.2933319 	1002.36109928	0.395759721088
56617.3764325 	1002.43886966	0.395778690033
56617.459533 	1001.27962507	0.395553965286
56617.5426336 	1002.51764231	0.373166169379
56617.6257341 	1001.76204053	0.395655792147
56617.7088347 	1001.94924758	0.395695312423
56617.7919352 	1002.13626687	0.395736216842
56617.8750357 	1001.56525143	0.395625802231
56617.9581363 	1001.54252669	0.395622315601
56618.0412368 	1001.58353868	0.373000042407
56618.1243374 	1001.84124266	0.395675969268
56618.2074379 	1002.19300677	0.39574574826
56618.2905385 	1001.16476135	0.395539306231
56618.373639 	1001.84080871	0.395672452229
56618.4567396 	1001.69064482	0.373014781217
56618.5398401 	1001.24660815	0.395557853702
56618.6229406 	1001.92510094	0.39569389334
56618.7060412 	1001.59221323	0.395630924126
56618.7891417 	1001.4068251	0.395598371191
56618.8722423 	1001.41580797	0.37297863131
56618.9553428 	1001.54667717	0.395632713689
56619.0384434 	1001.30277634	0.395587139036
56619.1215439 	1001.67331587	0.395662024334
56619.2046444 	1001.0970313	0.395547638813
56619.287745 	1001.66346871	0.373035259438
56619.3708455 	1001.93341724	0.395720731654
56619.4539461 	1000.64417736	0.395470231625
56619.5370466 	1001.28715377	0.3956021666
56619.6201472 	1001.77669682	0.39570333323
56619.7032477 	1001.12205036	0.372954710453
56619.7863483 	1000.97606398	0.39555368754
56619.8694488 	1001.59601591	0.395678097987
56619.9525493 	1001.90194077	0.395737790004
56620.0356499 	1001.26402492	0.39563061558
56620.1187504 	1000.78152284	0.395526992205
56620.201851 	1000.30028624	0.372810247592
56620.2849515 	1000.90688578	0.395531312959
56620.3680521 	1000.94906473	0.395533565905
56620.4511526 	1001.37145141	0.395611948096
56620.5342532 	1000.8791261	0.395510109947
56620.6173537 	1000.48326656	0.372809600811
56620.7004542 	1000.52880891	0.39542581133
56620.7835548 	1000.92695323	0.39549992469
56620.8666553 	1000.09693045	0.395329359818
56620.9497559 	1000.12412646	0.395328279082
56621.0328564 	1000.70607008	0.372820363108
56621.115957 	1000.7972021	0.395445907578
56621.1990575 	1000.35079854	0.395352085469
56621.282158 	1000.25904838	0.395329051037
56621.3652586 	1000.98347233	0.395469861219
56621.4483591 	1000.49335054	0.372761865242
56621.5314597 	1000.93366716	0.395459891001
56621.6145602 	1000.2504053	0.395325005978
56621.6976608 	1000.38060205	0.395351375312
56621.7807613 	1000.67666625	0.395415037344
56621.8638619 	1000.20234717	0.372718626289
56621.9469624 	1001.54286488	0.395597754048
56622.0300629 	1000.87788199	0.395469490813
56622.1131635 	1000.45400972	0.395389444093
56622.196264 	1000.30136298	0.395363509555
56622.2793646 	1000.07349138	0.372713838903
56622.3624651 	1000.36274949	0.395383917709
56622.4455657 	999.462293924	0.395210028715
56622.5286662 	999.751061648	0.395271242906
56622.6117668 	999.700838664	0.395264108945
56622.6948673 	1000.02132833	0.395330409673
56622.7779678 	1000.05473341	0.372729520597
56622.8610684 	1000.00450872	0.395331428648
56622.9441689 	999.969528027	0.395324172259
56623.0272695 	999.672954838	0.39526522074
56623.11037 	1000.23705936	0.395375983045
56623.1934706 	999.908668436	0.372702504198
56623.2765711 	999.835223112	0.395298202558
56623.3596716 	999.388024177	0.395209256528
56623.4427722 	999.735376655	0.395277172334
56623.5258727 	1000.12717362	0.395349985871
56623.6089733 	999.599888954	0.372635989967
56623.6920738 	999.004310874	0.395113895269
56623.7751744 	999.840675655	0.395269142879
56623.8582749 	999.672908631	0.395231741998
56623.9413755 	999.086507237	0.395112906628
56624.024476 	999.515168178	0.372593642426
56624.1075765 	999.667564003	0.395222167298
56624.1906771 	999.309552191	0.395168513797
56624.2737776 	999.842823677	0.395259569085
56624.3568782 	999.43680633	0.395181518567
56624.4399787 	999.676466142	0.372627267181
56624.5230793 	999.575430516	0.395212777689
56624.6061798 	1000.33187526	0.395365763457
56624.6892803 	999.998700658	0.395300765636
56624.7723809 	999.676051065	0.395239803098
56624.8554814 	999.350120221	0.372578317436
56624.938582 	998.536945363	0.395020272423
56625.0216825 	999.433603302	0.395198476639
56625.1047831 	999.389070965	0.395189549803
56625.1878836 	999.093457832	0.395132586282
56625.2709842 	999.206056038	0.37255553588
56625.3540847 	999.397910812	0.395191341364
56625.4371852 	998.950528376	0.395102958299
56625.5202858 	998.964375443	0.395101815151
56625.6033863 	999.300061179	0.395163787492
56625.6864869 	999.932122131	0.395283472254
56625.7695874 	998.913181011	0.37248161567
56625.852688 	998.929057304	0.395073976953
56625.9357885 	998.65588591	0.395013597472
56626.0188891 	999.331165734	0.395141916011
56626.1019896 	999.673523036	0.395207681262
56626.1850901 	999.307824623	0.372536610596
56626.2681907 	998.977413825	0.395070423657
56626.3512912 	999.090793651	0.39509529606
56626.4343918 	998.96929837	0.395073482583
56626.5174923 	998.610020532	0.395002039651
56626.6005929 	998.982599358	0.372484179174
56626.6836934 	999.194888428	0.395121526252
56626.7667939 	998.977935906	0.39507833356
56626.8498945 	998.763149866	0.395035599662
56626.932995 	997.957456869	0.394877478031
56627.0160956 	998.312606842	0.37236142194
56627.0991961 	998.969220308	0.395081639605
56627.1822967 	998.171202396	0.394939300122
56627.2653972 	998.495146537	0.395001421576
56627.3484978 	998.911437046	0.395078209969
56627.4315983 	998.242817336	0.372358235929
56627.5146988 	998.098199511	0.394916767091
56627.5977994 	998.333227115	0.394966529684
56627.6808999 	997.537618423	0.394808071202
56627.7640005 	997.685361537	0.39483534073
56627.847101 	998.809524881	0.372463204538
56627.9302016 	997.783935922	0.394853148384
56628.0133021 	997.538220576	0.394803464259
56628.0964027 	998.160265292	0.39492304185
56628.1795032 	998.53154275	0.394995364391
56628.2626037 	998.344330192	0.372369607015
56628.3457043 	998.586415326	0.395002626821
56628.4288048 	998.830158529	0.395049443108
56628.5119054 	998.153076401	0.394913459666
56628.5950059 	997.556389571	0.394790848999
56628.6781065 	998.227164238	0.372331607062
56628.761207 	997.476858383	0.394764813291
56628.8443075 	998.189967649	0.39490143524
56628.9274081 	997.464703472	0.394755536495
56629.0105086 	997.235089962	0.394705097836
56629.0936092 	998.000270405	0.394854879641
56629.1767097 	997.693043731	0.372217583926
56629.2598103 	997.563375505	0.394773997103
56629.3429108 	997.546303901	0.394772853004
56629.4260114 	997.12027943	0.394690314469
56629.5091119 	997.991292187	0.394866379941
56629.5922124 	997.536506133	0.372203953739
56629.675313 	997.378841754	0.394756618799
56629.7584135 	997.877793022	0.394860629833
56629.8415141 	997.940243512	0.394881496761
56629.9246146 	997.385430967	0.394779284656
56630.0077152 	997.723671632	0.372270519255
56630.0908157 	998.045944824	0.394921032702
56630.1739162 	997.266356209	0.394774430005
56630.2570168 	997.206897595	0.394770688482
56630.3401173 	996.885855038	0.394713324323
56630.4232179 	997.383029443	0.372237613695
56630.5063184 	997.498076229	0.39484430649
56630.589419 	997.63078221	0.394873582915
56630.6725195 	997.735942557	0.39489432551
56630.7556201 	997.340399902	0.39481635738
56630.8387206 	997.467178202	0.372260000156
56630.9218211 	997.207348237	0.394790106912
56631.0049217 	996.881685989	0.394721890822
56631.0880222 	997.266965433	0.394796012646
56631.1711228 	997.001314597	0.394742919704
56631.2542233 	997.297589452	0.372222662728
56631.3373239 	996.892055851	0.394722169152
56631.4204244 	996.712523974	0.394689077342
56631.503525 	996.411150522	0.39462938136
56631.5866255 	997.169079516	0.394779779394
56631.669726 	996.610543718	0.372097019781
56631.7528266 	996.690790272	0.394684592725
56631.8359271 	997.212714606	0.394788777337
56631.9190277 	996.764128337	0.394720993977
56632.0021282 	996.867351623	0.394736580232
56632.0852288 	996.858131905	0.37215811015
56632.1683293 	997.022642978	0.394751454636
56632.2514298 	995.861274994	0.394517728729
56632.3345304 	997.283498059	0.394796476444
56632.4176309 	996.600983021	0.394660746075
56632.5007315 	995.404796147	0.371865708204
56632.583832 	996.034288828	0.39454740066
56632.6669326 	996.869954877	0.394712118195
56632.7500331 	997.153745542	0.394770564794
56632.8331337 	997.215333971	0.394784819504
56632.9162342 	996.703899163	0.372115682307
56632.9993347 	996.495242356	0.39464917792
56633.0824353 	996.133375163	0.394581618072
56633.1655358 	996.260074799	0.394609119791
56633.2486364 	996.700435092	0.39469956187
56633.3317369 	996.775107266	0.372144089022
56633.4148375 	996.065268762	0.394582051185
56633.497938 	996.406601586	0.394649951203
56633.5810386 	996.521409058	0.394672468538
56633.6641391 	996.232753758	0.394615523178
56633.7472396 	996.697845219	0.372135147361
56633.8303402 	996.341673969	0.394639991202
56633.9134407 	996.088802986	0.394586196669
56633.9965413 	996.036225805	0.39457001666
56634.0796418 	996.635169126	0.394685304081
56634.1627424 	995.656536479	0.371923828364
56634.2458429 	995.440298571	0.39443922194
56634.3289434 	995.238392107	0.394398987731
56634.412044 	995.386631853	0.394426625979
56634.4951445 	996.461541548	0.394636897983
56634.5782451 	995.878986911	0.371953572206
56634.6613456 	996.346785088	0.394602685365
56634.7444462 	995.843563884	0.394495450108
56634.8275467 	995.827300418	0.394486816805
56634.9106473 	995.782064111	0.394471777696
56634.9937478 	996.484567384	0.372036852681
56635.0768483 	995.517535077	0.394404651718
56635.1599489 	995.232215661	0.394341476636
56635.2430494 	995.786123444	0.394445132928
56635.32615 	996.051436933	0.394494150483
56635.4092505 	995.483572089	0.371821327437
56635.4923511 	996.633685292	0.394599437177
56635.5754516 	995.781345336	0.394427152108
56635.6585522 	995.396209817	0.394351258447
56635.7416527 	995.17424353	0.394312222618
56635.8247532 	995.790797559	0.394439438575
56635.9078538 	995.784002432	0.3718862497
56635.9909543 	995.141476069	0.394321169315
56636.0740549 	996.001783883	0.394487683238
56636.1571554 	996.069259179	0.394497368595
56636.240256 	995.315208567	0.394342157656
56636.3233565 	995.576662811	0.371831366099
56636.406457 	995.120718244	0.394286681622
56636.4895576 	994.603113245	0.394174002861
56636.5726581 	995.286619049	0.39429686726
56636.6557587 	994.900957279	0.394215127064
56636.7388592 	995.115380001	0.371706473122
56636.8219598 	995.368580192	0.394303523386
56636.9050603 	995.402012694	0.394310581853
56636.9881609 	994.01555735	0.394031614323
56637.0712614 	995.683552706	0.394356458805
56637.1543619 	995.267043401	0.371724740107
56637.2374625 	995.275866848	0.394280737299
56637.320563 	995.503436856	0.394332499443
56637.4036636 	994.112263455	0.39406389398
56637.4867641 	994.755380127	0.394202121379
56637.5698647 	995.214642545	0.371756549504
56637.6529652 	994.68576907	0.394218378418
56637.7360657 	994.725083232	0.394240641733
56637.8191663 	994.871984357	0.394282130507
56637.9022668 	994.582944762	0.394252531499
56637.9853674 	994.541137825	0.371690670417
56638.0684679 	994.684744564	0.394267238397
56638.1515685 	994.763057624	0.394283059311
56638.234669 	994.601935415	0.394242747238
56638.3177696 	994.770708729	0.394268043391
56638.4008701 	995.095819671	0.371773179597
56638.4839706 	994.220725284	0.394143745342
56638.5670712 	995.104092046	0.394314575403
56638.6501717 	994.533471034	0.394197909923
56638.7332723 	994.174044099	0.394125441048
56638.8163728 	994.162556085	0.371582758133
56638.8994734 	994.411733876	0.394175024824
56638.9825739 	993.895644996	0.394074085377
56639.0656745 	994.315282955	0.394160748062
56639.148775 	994.863073732	0.394271541996
56639.2318755 	994.330650945	0.371624727745
56639.3149761 	994.048282674	0.394113330633
56639.3980766 	994.556591208	0.394215715406
56639.4811772 	994.46168679	0.394197847989
56639.5642777 	993.926934956	0.39409421958
56639.6473783 	993.91005064	0.371554957469
56639.7304788 	994.462563222	0.394203886462
56639.8135793 	994.547871042	0.394220979482
56639.8966799 	993.894034324	0.394091431828
56639.9797804 	994.147065328	0.394142196788
56640.062881 	993.917226816	0.37155778695
56640.1459815 	994.050426145	0.394123025189
56640.2290821 	994.249055926	0.394163752109
56640.3121826 	993.550628527	0.394025697132
56640.3952832 	994.215538682	0.39415988091
56640.4783837 	993.971790039	0.371571804245
56640.5614842 	993.71371535	0.394057140874
56640.6445848 	994.033484888	0.394117171317
56640.7276853 	993.618338136	0.394032605676
56640.8107859 	993.762677153	0.394056955007
56640.8938864 	993.404699842	0.371456587157
56640.976987 	993.414395604	0.393999424968
56641.0600875 	993.513804009	0.394025449289
56641.1431881 	994.087399421	0.394132843394
56641.2262886 	993.149100882	0.393950159939
56641.3093891 	993.831787072	0.371548986934
56641.3924897 	993.292350845	0.393979719695
56641.4755902 	992.879129951	0.393892800246
56641.5586908 	992.621863233	0.39383698196
56641.6417913 	992.943994001	0.393894628696
56641.7248919 	993.265165495	0.371419324773
56641.8079924 	993.088068909	0.393909286978
56641.8910929 	992.913438776	0.393868719702
56641.9741935 	993.537135038	0.393987868379
56642.057294 	993.305165613	0.393935751077
56642.1403946 	993.171940567	0.37137465692
56642.2234951 	993.738594844	0.394007945024
56642.3065957 	992.778195565	0.393810604215
56642.3896962 	993.532266706	0.39395152333
56642.4727968 	993.104633809	0.393856942322
56642.5558973 	993.197493064	0.371337931766
56642.6389978 	992.53303317	0.393724701568
56642.7220984 	992.93180614	0.393802699846
56642.8051989 	992.380659274	0.393695432727
56642.8882995 	993.015804258	0.39382287892
56642.9714 	992.504006077	0.371208039986
56643.0545006 	992.195614246	0.393668549363
56643.1376011 	993.30283604	0.393894473743
56643.2207016 	992.866138066	0.393811596125
56643.3038022 	992.831162793	0.393806481564
56643.3869027 	993.221824548	0.371359775099
56643.4700033 	992.900005442	0.393826753432
56643.5531038 	992.956950748	0.393837601862
56643.6362044 	992.337845312	0.393718438715
56643.7193049 	992.640855728	0.393783511719
56643.8024055 	992.359913939	0.371214197883
56643.885506 	992.437756801	0.393753193191
56643.9686065 	992.593808849	0.393790641504
56644.0517071 	992.48882366	0.393773684804
56644.1348076 	992.84474734	0.393848945901
56644.2179082 	992.677285826	0.371298423495
56644.3010087 	993.108390297	0.393907365627
56644.3841093 	992.572609839	0.39379650023
56644.4672098 	992.363438871	0.393747829855
56644.5503104 	991.715966247	0.393609597984
56644.6334109 	992.021309173	0.371146585339
56644.7165114 	992.408550248	0.393723585424
56644.799612 	992.300560011	0.393686688859
56644.8827125 	991.85268656	0.393587050856
56644.9658131 	992.123437207	0.393641695174
56645.0489136 	991.974124644	0.371101000985
56645.1320142 	991.566059424	0.393536276322
56645.2151147 	993.129977437	0.393851425429
56645.2982152 	991.801571337	0.393593625943
56645.3813158 	991.502376145	0.393541766615
56645.4644163 	991.9523358	0.371132110184
56645.5475169 	992.011889609	0.393670937003
56645.6306174 	991.998614145	0.393679836259
56645.713718 	992.516080963	0.393794516333
56645.7968185 	991.303572302	0.393563727021
56645.8799191 	992.023131951	0.371195516017
56645.9630196 	991.641967129	0.393643431759
56646.0461201 	991.703571957	0.393655587639
56646.1292207 	992.067636202	0.39372662381
56646.2123212 	991.881261214	0.393694316499
56646.2954218 	991.302897521	0.371076907106
56646.3785223 	992.072421176	0.393745442682
56646.4616229 	991.211933998	0.393575575206
56646.5447234 	991.796663923	0.393686936914
56646.627824 	991.236187269	0.393574396606
56646.7109245 	991.141756175	0.371044987456
56646.794025 	990.928803989	0.393503612148
56646.8771256 	992.112502817	0.393731615394
56646.9602261 	991.324548184	0.393569372012
56647.0433267 	991.052938861	0.393504884023
56647.1264272 	990.920604978	0.370971598236
56647.2095278 	990.857343276	0.393459745449
56647.2926283 	990.593172241	0.393403896748
56647.3757288 	991.463686632	0.393574055432
56647.4588294 	991.924401736	0.393663929085
56647.5419299 	990.515999564	0.370887064355
56647.6250305 	991.379664577	0.393555600573
56647.708131 	991.975015827	0.39367028583
56647.7912316 	991.265031225	0.393527652995
56647.8743321 	992.068189455	0.393686409796
56647.9574327 	990.951722679	0.370959482289
56648.0405332 	991.582330004	0.393593687971
56648.1236337 	990.530312665	0.393382485977
56648.2067343 	990.376721986	0.393341802301
56648.2898348 	991.472919351	0.393562238219
56648.3729354 	990.589987962	0.370892811501
56648.4560359 	990.357531622	0.39334943663
56648.5391365 	990.605132491	0.3934019419
56648.622237 	991.363614478	0.393556282953
56648.7053376 	990.628430968	0.393415346378
56648.7884381 	991.544638637	0.371093229775
56648.8715386 	990.813791791	0.393463995831
56648.9546392 	990.566019196	0.393421520972
56649.0377397 	990.067870948	0.393324422789
56649.1208403 	990.628172213	0.393435793533
56649.2039408 	990.710563951	0.370953710175
56649.2870414 	990.786208954	0.393474978358
56649.3701419 	990.256180957	0.393373176583
56649.4532424 	990.292361953	0.393383106595
56649.536343 	990.573101763	0.370941957666
56649.6194435 	990.384968329	0.393410412838
56649.7025441 	991.113021883	0.393559105512
56649.7856446 	990.125480758	0.39336402213
56649.8687452 	990.433020416	0.393428595263
56649.9518457 	990.5395603	0.37094744395
56650.0349463 	990.566595119	0.393451120445
56650.1180468 	990.237135024	0.393381430923
56650.2011473 	990.50067676	0.393428874508
56650.2842479 	990.109146189	0.393344626399
56650.3673484 	989.737472993	0.370770802052
56650.450449 	989.710549118	0.393247260897
56650.5335495 	989.697204521	0.393236054713
56650.6166501 	989.539224508	0.393197466989
56650.6997506 	990.749914373	0.393426392317
56650.7828511 	989.504397846	0.370687835585
56650.8659517 	990.238030348	0.393314677513
56650.9490522 	989.333984125	0.393136333551
56651.0321528 	990.089054766	0.393283422719
56651.1152533 	989.952305412	0.393256821599
56651.1983539 	989.854428219	0.370752852274
56651.2814544 	990.353973309	0.393347171174
56651.364555 	990.207290547	0.393324391754
56651.4476555 	989.617151968	0.39321416914
56651.530756 	990.455025887	0.393384968445
56651.6138566 	989.380429894	0.370688512088
56651.6969571 	989.932641947	0.393286681776
56651.7800577 	989.783791889	0.393259118616
56651.8631582 	989.841520437	0.393272993557
56651.9462588 	989.167340668	0.393140183779
56652.0293593 	989.863362633	0.370801522772
56652.1124599 	989.092243473	0.393133601108
56652.1955604 	989.107874179	0.39314117738
56652.2786609 	989.569530156	0.393238569148
56652.3617615 	990.468198529	0.393417766582
56652.444862 	989.942534824	0.370820380548
56652.5279626 	989.293273674	0.393186507758
56652.6110631 	989.868849254	0.393301952425
56652.6941637 	989.25674236	0.393178777125
56652.7772642 	989.831603475	0.393287271507
56652.8603647 	989.844487103	0.37079049378
56652.9434653 	988.881125893	0.393082581674
56653.0265658 	989.236606679	0.39314136368
56653.1096664 	989.505008176	0.393187159732
56653.1927669 	989.367686689	0.393162849678
56653.2758675 	989.993124113	0.370797282892
56653.358968 	989.184466609	0.393129719765
56653.4420686 	989.189905462	0.393132452235
56653.5251691 	988.749480014	0.393043668306
56653.6082696 	988.8982067	0.393073296232
56653.6913702 	989.241343454	0.370657027378
56653.7744707 	988.809179035	0.393052892334
56653.8575713 	988.814376349	0.393049817682
56653.9406718 	988.652073805	0.393011863937
56654.0237724 	988.57061942	0.392987853661
56654.1068729 	989.149893219	0.370617524595
56654.1899735 	989.28518182	0.393126676765
56654.273074 	988.982823929	0.393068948458
56654.3561745 	989.09825894	0.393095655453
56654.4392751 	988.724389309	0.393025530192
56654.5223756 	988.736219071	0.370553212969
56654.6054762 	988.67827849	0.393022393207
56654.6885767 	989.09216342	0.39310925669
56654.7716773 	988.577836151	0.393007670786
56654.8547778 	988.54921765	0.392997824471
56654.9378783 	988.135268622	0.370444396537
56655.0209789 	988.384532413	0.392962226586
56655.1040794 	988.220777023	0.392933335879
56655.18718 	988.16659311	0.392930353492
56655.2702805 	988.219294679	0.392956479679
56655.3533811 	987.886626089	0.370433981806
56655.4364816 	987.981448254	0.392936691038
56655.5195822 	988.331085896	0.393016585061
56655.6026827 	988.039749699	0.39296409043
56655.6857832 	989.054764331	0.370682969932
56655.7688838 	988.451045262	0.393052892334
56655.8519843 	987.693411584	0.392904722667
56655.9350849 	989.132023214	0.393206345916
56656.0181854 	987.973973193	0.392979249363
56656.101286 	988.170693933	0.370539990095
56656.1843865 	988.422791402	0.393067923619
56656.2674871 	987.640953511	0.392911650921
56656.3505876 	988.074972574	0.392994997881
56656.4336881 	988.26557591	0.393026213492
56656.5167887 	988.384089139	0.370562036633
56656.5998892 	988.068955987	0.392967880218
56656.6829898 	988.8352811	0.393111927197
56656.7660903 	988.382996686	0.393013385884
56656.8491909 	987.547724702	0.392837857177
56656.9322914 	988.393505803	0.370523096404
56657.0153919 	987.63175175	0.392842238582
56657.0984925 	988.036736332	0.392923549836
56657.181593 	987.988229656	0.392923114895
56657.2646936 	988.141173213	0.392964898092
56657.3477941 	987.792356596	0.37043637722
56657.4308947 	988.017464858	0.39295983464
56657.5139952 	988.108946373	0.392982635192
56657.5970958 	988.050744237	0.392972757186
56657.6801963 	987.292263761	0.392822692787
56657.7632968 	987.463035375	0.370388674316
56657.8463974 	986.979938928	0.392760288893
56657.9294979 	987.272999001	0.392818435466
56658.0125985 	987.318569478	0.392828193054
56658.095699 	987.725185671	0.392893941687
56658.1787996 	987.136588197	0.370301220397
56658.2619001 	986.469947113	0.392627305688
56658.3450006 	986.918226282	0.392712764536
56658.4281012 	987.551663463	0.392834780842
56658.5112017 	987.813804767	0.392882663284
56658.5943023 	987.389372332	0.37032906309
56658.6774028 	987.068102871	0.392728275079
56658.7605034 	988.203158331	0.392952410197
56658.8436039 	987.055092702	0.392724887057
56658.9267045 	987.532991915	0.392821014725
56659.009805 	987.901866483	0.370425389432
56659.0929055 	988.051217372	0.392925786667
56659.1760061 	986.266698334	0.392575598562
56659.2591066 	986.905797761	0.392707760002
56659.3422072 	986.538131963	0.392637876361
56659.4253077 	986.384227238	0.370155435319
56659.5084083 	986.68715422	0.392671731688
56659.5915088 	986.999058676	0.39273648081
56659.6746094 	986.042413428	0.392548762894
56659.7577099 	986.933846202	0.392727591261
56659.8408104 	986.367953849	0.370162600866
56659.923911 	986.864883023	0.392717023003
56660.0070115 	986.862490424	0.392714722815
56660.0901121 	986.124421193	0.39256468416
56660.1732126 	986.214024996	0.392580076177
56660.2563132 	986.470669059	0.370171616231
56660.3394137 	986.279686197	0.392583496543
56660.4225142 	987.487834069	0.392814551009
56660.5056148 	987.003461072	0.392708164097
56660.5887153 	986.06457738	0.370066336437
56660.6718159 	985.829816157	0.392464014821
56660.7549164 	986.34456682	0.392560455137
56660.838017 	985.941401013	0.392475771794
56660.9211175 	987.154381788	0.392713168626
56661.0042181 	986.036044538	0.370039907549
56661.0873186 	985.813147834	0.392435180754
56661.1704191 	986.230061271	0.392514306069
56661.2535197 	985.974023655	0.392460344583
56661.3366202 	986.660606652	0.392591767487
56661.4197208 	985.476162037	0.369913132112
56661.5028213 	986.086118242	0.392471635122
56661.5859219 	986.293591213	0.392514523766
56661.6690224 	986.396280109	0.392541206286
56661.752123 	986.31965366	0.392533618435
56661.8352235 	985.863791446	0.370009671003
56661.918324 	986.225450679	0.392547239146
56662.0014246 	985.85788121	0.39247595841
56662.0845251 	985.724634086	0.392453315048
56662.1676257 	985.812507546	0.392479535195
56662.2507262 	986.405660438	0.370152438776
56662.3338268 	986.535234396	0.392639648475
56662.4169273 	985.659296601	0.392473034752
56662.5000278 	986.530882751	0.392651400189
56662.5831284 	986.205343215	0.392588502661
56662.6662289 	986.25438115	0.370148816836
56662.7493295 	985.819012	0.392516047642
56662.83243 	985.840011143	0.392522858361
56662.9155306 	986.018161085	0.392561232535
56662.9986311 	986.265492409	0.392608433221
56663.0817317 	985.331292338	0.369978389217
56663.1648322 	985.07267857	0.392373804106
56663.2479327 	985.503023287	0.392463672682
56663.3310333 	984.811022734	0.392336064988
56663.4141338 	984.710311774	0.392326637421
56663.4972344 	985.627407219	0.370068760294
56663.5803349 	985.546390619	0.392506095693
56663.6634355 	985.583087916	0.392517229419
56663.746536 	985.977764627	0.392595747428
56663.8296365 	985.724929508	0.370092111908
56663.9127371 	985.114379168	0.392419720841
56663.9958376 	984.745237531	0.392343625548
56664.0789382 	985.363824593	0.392468898051
56664.1620387 	985.369723175	0.392464170339
56664.2451393 	985.161731194	0.369976225462
56664.3282398 	985.552945625	0.392491696021
56664.4113404 	986.161956921	0.392606909703
56664.4944409 	985.224078992	0.392411228516
56664.5775414 	985.010135541	0.392361950743
56664.660642 	985.403980689	0.369990850112
56664.7437425 	984.826251668	0.392311764427
56664.8268431 	984.827080157	0.392303114184
56664.9099436 	985.034189698	0.392338740759
56664.9930442 	985.014294348	0.392323308159
56665.0761447 	984.933235609	0.369868125898
56665.1592453 	985.160863365	0.39234844805
56665.2423458 	985.149579722	0.392351030398
56665.3254463 	985.123211608	0.392346923524
56665.4085469 	985.42341095	0.392408584348
56665.4916474 	984.116557506	0.369723761371
56665.574748 	984.979904204	0.392328224255
56665.6578485 	984.869118605	0.392310924304
56665.7409491 	984.773891071	0.392295272792
56665.8240496 	984.880755799	0.392318734268
56665.9071501 	984.367814836	0.369785713306
56665.9902507 	984.794205922	0.392301993995
56666.0733512 	985.391451082	0.392419067591
56666.1564518 	984.24014132	0.392183204658
56666.2395523 	984.632289607	0.39225945555
56666.3226529 	983.375024018	0.369585916939
56666.4057534 	985.46295267	0.392415272503
56666.488854 	984.735518318	0.392265274908
56666.5719545 	984.570384138	0.392227058513
56666.655055 	984.635333699	0.369803996925
56666.7381556 	984.616844794	0.392225906984
56666.8212561 	984.412333318	0.392177757598
56666.9043567 	984.842009521	0.392260389143
56666.9874572 	984.375535595	0.392161135817
56667.0705578 	984.593995962	0.369768967744
56667.1536583 	984.021143449	0.392080725007
56667.2367589 	983.60091383	0.392004159088
56667.3198594 	984.168157467	0.392113974682
56667.4029599 	984.104568663	0.392099124754
56667.4860605 	984.553278716	0.369758403564
56667.569161 	984.764228032	0.392228707994
56667.6522616 	984.140963677	0.392102860638
56667.7353621 	983.928957297	0.392060238316
56667.8184627 	984.129685452	0.392099124754
56667.9015632 	984.286619673	0.36970672603
56667.9846637 	983.843499211	0.392041681059
56668.0677643 	983.746260404	0.392014684285
56668.1508648 	984.218037466	0.392101397421
56668.2339654 	983.924042815	0.39202651701
56668.3170659 	984.471324689	0.369705552049
56668.4001665 	983.728526495	0.391983668396
56668.483267 	983.578059966	0.391954300688
56668.5663676 	983.691596646	0.391978062853
56668.6494681 	982.713245858	0.391784310928
56668.7325686 	982.953162494	0.369424211017
56668.8156692 	983.510304208	0.391947168644
56668.8987697 	983.50158917	0.391949255325
56668.9818703 	983.798386529	0.392012224279
56669.0649708 	983.209841467	0.369484699144
56669.1480714 	983.374558213	0.39193679736
56669.2311719 	983.43814357	0.391958131384
56669.3142725 	983.394811304	0.391952587764
56669.397373 	983.58006109	0.391990301518
56669.4804735 	983.374784375	0.369530013065
56669.5635741 	984.073500848	0.392077611597
56669.6466746 	983.04601111	0.39186291349
56669.7297752 	982.793893067	0.39179767728
56669.8128757 	983.263155614	0.391875404954
56669.8959763 	982.976937224	0.369393976294
56669.9790768 	983.454512787	0.391884967975
56670.0621773 	983.523475611	0.391891073235
56670.1452779 	983.999878147	0.391991734009
56670.2283784 	983.985708698	0.391996623122
56670.311479 	983.021282301	0.369400738852
56670.3945795 	983.100168103	0.391829050586
56670.4776801 	982.824832579	0.391779948849
56670.5607806 	982.869779021	0.391795247068
56670.6438812 	983.420545556	0.391916676911
56670.7269817 	982.357530046	0.36931553202
56670.8100822 	982.648099364	0.391786460791
56670.8931828 	982.290427201	0.391725543419
56670.9762833 	982.667643644	0.391806120591
56671.0593839 	983.025822804	0.369464024126
56671.1424844 	982.794361375	0.391827430576
56671.225585 	982.75580506	0.391814002928
56671.3086855 	982.218408288	0.391698524857
56671.391786 	982.474437555	0.391743523598
56671.4748866 	982.370310434	0.369315845413
56671.5579871 	982.121830005	0.391666174922
56671.6410877 	983.42444814	0.391924183267
56671.7241882 	983.160698851	0.391875404954
56671.8072888 	982.097029451	0.391671691429
56671.8903893 	982.703481289	0.369400321091
56671.9734899 	982.214745972	0.391724951337
56672.0565904 	982.587196802	0.391807429133
56672.1396909 	982.127755717	0.39172569923
56672.2227915 	982.538974359	0.391817274207
56672.305892 	982.008301375	0.369317569066
56672.3889926 	982.060419014	0.39173900526
56672.4720931 	982.906526445	0.391914496614
56672.5551937 	982.610654337	0.391859985259
56672.6382942 	981.677683029	0.391678236337
56672.7213948 	982.769642713	0.369482871853
56672.8044953 	981.911336474	0.391720931386
56672.8875958 	982.199070225	0.391775150507
