56546.9071712	0.999723394619
56546.9902718	0.999982593111
56547.0733723	1.00015457711
56547.1564728	1.00054845364
56547.2395734	1.00002076249
56547.3226739	0.999996588873
56547.4057745	1.00003931044
56547.488875	0.999545610486
56547.5719756	1.00016781298
56547.6550761	1.0001516931
56547.7381767	1.00009223683
56547.8212772	1.00115928758
56547.9043777	0.999726356342
56547.9874783	0.999983201609
56548.0705788	1.00037247508
56548.1536794	1.00025239193
56548.2367799	0.999537116757
56548.3198805	1.00000934265
56548.402981	0.999957160098
56548.4860815	0.999718210621
56548.5691821	0.999662976969
56548.6522826	1.00012795814
56548.7353832	0.999561014363
56548.8184837	0.999445532882
56548.9015843	1.00022696652
56548.9846848	1.00000933502
56549.0677854	0.99967349191
56549.1508859	0.999498349263
56549.2339864	0.999847785628
56549.317087	0.999670212646
56549.4001875	1.00023633207
56549.4832881	1.0001630939
56549.5663886	1.00009054205
56549.6494892	1.00004562733
56549.7325897	1.00019792897
56549.8156903	1.00043422661
56549.8987908	0.999479881268
56549.9818913	1.00035474885
56550.0649919	1.00003528764
56550.1480924	0.999967222713
56550.231193	0.999910119297
56550.3142935	0.999421976784
56550.3973941	0.999504881538
56550.4804946	0.999810425413
56550.5635951	0.999943478325
56550.6466957	1.00053420366
56550.7297962	0.999986315598
56550.8128968	0.999168038304
56550.8959973	1.00032511167
56550.9790979	0.999974948121
56551.0621984	1.00041791991
56551.145299	1.00006605858
56551.2283995	1.00064107201
56551.3115	0.999939601064
56551.3946006	1.00045495951
56551.4777011	0.999980359752
56551.5608017	1.00018357324
56551.6439022	0.999732942698
56551.7270028	1.00024469495
56551.8101033	0.99968440714
56551.8932038	1.00043009084
56551.9763044	1.00064740648
56552.0594049	1.0005545948
56552.1425055	1.00048281384
56552.225606	1.0003379282
56552.3087066	1.00036606584
56552.3918071	1.00001767047
56552.4749077	1.00009175485
56552.5580082	0.999118529008
56552.6411087	1.00047250516
56552.7242093	1.00075899627
56552.8073098	1.00007175188
56552.8904104	0.999708047991
56552.9735109	1.00003782201
56553.0566115	0.999664948319
56553.139712	0.999416378762
56553.2228126	0.999795519141
56553.3059131	0.999607886382
56553.3890136	1.00003723511
56553.4721142	0.999292318246
56553.5552147	0.999498399683
56553.6383153	0.99969473523
56553.7214158	1.00003494608
56553.8045164	0.999521758897
56553.8876169	0.999402020681
56553.9707174	0.998923267984
56554.053818	0.999581710656
56554.1369185	0.999931717759
56554.2200191	0.999030702601
56554.3031196	0.999270969702
56554.3862202	1.0003588192
56554.4693207	0.999274757367
56554.5524213	1.00025283575
56554.6355218	0.999776076564
56554.7186223	0.99928100597
56554.8017229	0.999809148677
56554.8848234	0.999689760158
56554.967924	1.00087526899
56555.0510245	0.999682495631
56555.1341251	1.00010579902
56555.2172256	1.00052424982
56555.3003262	0.999922963736
56555.3834267	1.00021314331
56555.4665272	0.999493693163
56555.5496278	1.00052091189
56555.6327283	0.999729231314
56555.7158289	0.999778087721
56555.7989294	1.00020637545
56555.88203	0.999840888121
56555.9651305	1.00032118739
56556.048231	0.999625782503
56556.1313316	0.999506250084
56556.2144321	1.00017009083
56556.2975327	1.00007252957
56556.3806332	1.00040891737
56556.4637338	0.999987230685
56556.5468343	0.99944300775
56556.6299349	0.999130617364
56556.7130354	0.999732313391
56556.7961359	0.999978956445
56556.8792365	0.999803189234
56556.962337	0.999766609276
56557.0454376	1.0001193984
56557.1285381	1.00018779452
56557.2116387	1.00028670699
56557.2947392	0.99976370309
56557.3778397	0.999641039223
56557.4609403	1.00023191969
56557.5440408	0.999571509363
56557.6271414	0.999605723869
56557.7102419	1.00010019048
56557.7933425	1.0004403752
56557.876443	0.999448278639
56557.9595436	0.999409214578
56558.0426441	0.999710811088
56558.1257446	0.999946496335
56558.2088452	1.00014311539
56558.2919457	0.998939852784
56558.3750463	0.999558228145
56558.4581468	1.00010167256
56558.5412474	0.999129589612
56558.6243479	0.999194317162
56558.7074485	1.00041927891
56558.790549	0.999434158057
56558.8736495	0.999541162756
56558.9567501	0.999224817646
56559.0398506	0.99975614878
56559.1229512	0.999626682701
56559.2060517	0.99971361131
56559.2891523	0.998789910204
56559.3722528	0.999539961305
56559.4553533	0.999945535321
56559.5384539	0.999010958028
56559.6215544	0.99937988738
56559.704655	0.999077621591
56559.7877555	1.00019235055
56559.8708561	0.999983420544
56559.9539566	0.999592429077
56560.0370572	0.999043783768
56560.1201577	0.999714588608
56560.2032582	0.999766512525
56560.2863588	0.999531268282
56560.3694593	0.999654675834
56560.4525599	0.999698650246
56560.5356604	1.00021070613
56560.618761	0.999061883148
56560.7018615	0.999714707574
56560.7849621	0.999539713581
56560.8680626	0.999749924611
56560.9511631	0.999209646535
56561.0342637	0.999732782175
56561.1173642	0.999282578293
56561.2004648	0.999757174053
56561.2835653	0.999835396759
56561.3666659	0.999582327767
56561.4497664	0.999963736177
56561.5328669	0.999118926336
56561.6159675	1.00016086079
56561.699068	1.00035123867
56561.7821686	0.999278950916
56561.8652691	0.999886594484
56561.9483697	1.00023627187
56562.0314702	0.999849861998
56562.1145708	0.999964441035
56562.1976713	0.999987988004
56562.2807718	1.00060674722
56562.3638724	0.999986726584
56562.4469729	0.999629602945
56562.5300735	0.999942646934
56562.613174	1.00051153726
56562.6962746	1.00020922569
56562.7793751	1.00040000352
56562.8624757	0.999891157298
56562.9455762	1.00035225687
56563.0286767	1.0001530649
56563.1117773	1.00041705284
56563.1948778	0.999782136129
56563.2779784	0.999935003812
56563.3610789	0.999791831918
56563.4441795	0.999934930682
56563.52728	1.00001516161
56563.6103805	0.999411209977
56563.6934811	1.00012690122
56563.7765816	0.999917635112
56563.8596822	0.998970539357
56563.9427827	1.00013659613
56564.0258833	0.999649871601
56564.1089838	0.99959441304
56564.1920844	0.999711825182
56564.2751849	0.999316491467
56564.3582854	0.999362922084
56564.441386	0.999614961386
56564.5244865	0.999464973906
56564.6075871	0.999614826119
56564.6906876	1.00017778285
56564.7737882	0.999571873147
56564.8568887	0.998876565742
56564.9399892	0.999437845207
56565.0230898	0.999523918543
56565.1061903	0.999444279321
56565.1892909	0.999498076464
56565.2723914	0.999521270914
56565.355492	0.998620152396
56565.4385925	0.999985194126
56565.5216931	0.999421885221
56565.6047936	0.99961892897
56565.6878941	0.99958825747
56565.7709947	0.999716748169
56565.8540952	0.999327289857
56565.9371958	1.00024864033
56566.0202963	0.999927135564
56566.1033969	0.998931503648
56566.1864974	0.999273067742
56566.269598	0.998813731156
56566.3526985	0.99920553335
56566.435799	0.99912086795
56566.5188996	0.999245764919
56566.6020001	0.999120753388
56566.6851007	0.99897367642
56566.7682012	0.999928972471
56566.8513018	0.999095751984
56566.9344023	0.999785487493
56567.0175028	0.999558779915
56567.1006034	1.00006339002
56567.1837039	0.999976334616
56567.2668045	0.999079481387
56567.349905	0.999819686404
56567.4330056	0.999217679403
56567.5161061	1.00003110027
56567.5992067	0.999386539827
56567.6823072	0.999655995669
56567.7654077	1.00001735482
56567.8485083	0.999548300519
56567.9316088	0.999767179722
56568.0147094	0.999272021352
56568.0978099	0.999540283845
56568.1809105	0.999833065434
56568.264011	0.999487155506
56568.3471116	1.00024465534
56568.4302121	0.999814376327
56568.5133126	0.999354659351
56568.5964132	0.999994355818
56568.6795137	1.00016830746
56568.7626143	0.999467285796
56568.8457148	0.999775854313
56568.9288154	1.0003702715
56569.0119159	1.00049889156
56569.0950164	1.00032104922
56569.178117	1.00005615739
56569.2612175	1.00022435711
56569.3443181	1.0002410763
56569.4274186	0.999548268035
56569.5105192	0.999653586012
56569.5936197	0.999768730342
56569.6767203	1.00003026377
56569.7598208	0.999653232284
56569.8429213	1.00036554481
56569.9260219	1.0000478558
56570.0091224	1.00007717847
56570.092223	0.999635585313
56570.1753235	1.00038427986
56570.2584241	0.99997257241
56570.3415246	1.00015886982
56570.4246251	1.00048255995
56570.5077257	1.0000642134
56570.5908262	1.00080737349
56570.6739268	0.999954449698
56570.7570273	0.999510613185
56570.8401279	1.00039735249
56570.9232284	0.999993655002
56571.006329	0.999614467604
56571.0894295	1.00011886201
56571.17253	0.999914737226
56571.2556306	1.00049735852
56571.3387311	1.00022610318
56571.4218317	1.00051676228
56571.5049322	0.999976784604
56571.5880328	0.999898186796
56571.6711333	1.00069677085
56571.7542339	0.999930961792
56571.8373344	1.00004372324
56571.9204349	1.00022274905
56572.0035355	1.00015020964
56572.086636	0.999165767849
56572.1697366	0.999230711485
56572.2528371	1.00026269362
56572.3359377	0.998968960402
56572.4190382	0.999977679716
56572.5021387	0.99970101917
56572.5852393	1.00013325025
56572.6683398	1.00027548763
56572.7514404	0.999893590143
56572.8345409	0.999994097482
56572.9176415	1.00030574955
56573.000742	0.999846679928
56573.0838426	0.999857341154
56573.1669431	1.00045262072
56573.2500436	1.00024620884
56573.3331442	1.00032708914
56573.4162447	0.99963324641
56573.4993453	0.999987975991
56573.5824458	0.999190837601
56573.6655464	1.00021228503
56573.7486469	0.999390625312
56573.8317475	0.999480074153
56573.914848	1.00059664738
56573.9979485	1.00072741833
56574.0810491	0.999835677143
56574.1641496	1.00054414828
56574.2472502	1.00006254183
56574.3303507	0.999112970913
56574.4134513	0.999977097231
56574.4965518	0.99976353567
56574.5796523	1.00031610578
56574.6627529	1.00036262345
56574.7458534	0.999358870066
56574.828954	0.999362960471
56574.9120545	1.0004370559
56574.9951551	1.00001183073
56575.0782556	1.0002844021
56575.1613562	1.00024491342
56575.2444567	0.99983561308
56575.3275572	0.999294476354
56575.4106578	0.999972834981
56575.4937583	0.999635992102
56575.5768589	0.999721816876
56575.6599594	1.00018856286
56575.74306	1.00022559252
56575.8261605	1.00016852671
56575.9092611	1.00092412094
56575.9923616	1.00029350782
56576.0754621	1.00072347473
56576.1585627	1.00023538347
56576.2416632	0.999220878896
56576.3247638	1.00010470871
56576.4078643	1.00011681836
56576.4909649	0.999894142944
56576.5740654	1.00069784289
56576.6571659	0.999933071594
56576.7402665	1.00069071196
56576.823367	0.999431088357
56576.9064676	0.999169018713
56576.9895681	0.999258540186
56577.0726687	1.00065985196
56577.1557692	0.999645418342
56577.2388698	1.00024143935
56577.3219703	0.999670736884
56577.4050708	0.999511919753
56577.4881714	1.00089131938
56577.5712719	0.999857017376
56577.6543725	0.99988391842
56577.737473	1.00008038825
56577.8205736	0.999466544965
56577.9036741	1.00054117368
56577.9867746	1.00018431445
56578.0698752	1.00014563043
56578.1529757	1.00003875979
56578.2360763	1.0003398749
56578.3191768	1.00032490282
56578.4022774	1.00066049239
56578.4853779	1.00019656723
56578.5684785	1.00030109511
56578.651579	0.999712666342
56578.7346795	1.00048252693
56578.8177801	0.999888144166
56578.9008806	1.00068387169
56578.9839812	1.00032668157
56579.0670817	0.999952650875
56579.1501823	0.999621440136
56579.2332828	1.00059075414
56579.3163834	1.00010452604
56579.3994839	0.9999640281
56579.4825844	1.00016058916
56579.565685	0.999871243
56579.6487855	1.00001128395
56579.7318861	1.00035931485
56579.8149866	1.00029633172
56579.8980872	1.00015107434
56579.9811877	1.00016661537
56580.0642882	1.00019961342
56580.1473888	1.00063877969
56580.2304893	1.00065701798
56580.3135899	1.00022723417
56580.3966904	0.99957563478
56580.479791	1.00100714926
56580.5628915	0.999302043571
56580.6459921	1.0002693532
56580.7290926	1.00038359704
56580.8121931	0.999893389354
56580.8952937	1.00030219247
56580.9783942	1.00054907219
56581.0614948	1.00031368308
56581.1445953	1.00080224407
56581.2276959	1.00012358755
56581.3107964	1.00058266623
56581.393897	0.999746272412
56581.4769975	1.00064984947
56581.560098	0.9999587879
56581.6431986	1.00042279486
56581.7262991	1.00000014827
56581.8093997	0.999948905424
56581.8925002	1.00064247753
56581.9756008	1.0004611828
56582.0587013	0.999136934869
56582.1418018	0.999793125056
56582.2249024	0.999929360593
56582.3080029	1.00023476208
56582.3911035	0.999991845575
56582.474204	0.99953334015
56582.5573046	1.0006725289
56582.6404051	0.999522931369
56582.7235057	1.00002779795
56582.8066062	1.00017281426
56582.8897067	1.0001947312
56582.9728073	0.999766954036
56583.0559078	1.00077574876
56583.1390084	1.00014950077
56583.2221089	1.00047703429
56583.3052095	0.999998690362
56583.38831	1.00019927415
56583.4714105	0.999577944918
56583.5545111	1.00099849711
56583.6376116	0.999509638529
56583.7207122	1.00073794888
56583.8038127	1.00056762042
56583.8869133	0.999940041592
56583.9700138	1.00055476679
56584.0531144	1.0005219696
56584.1362149	1.00024853002
56584.2193154	1.00025934586
56584.302416	0.999688355711
56584.3855165	1.00025385863
56584.4686171	0.999871445084
56584.5517176	1.00026431627
56584.6348182	1.00047366466
56584.7179187	0.999955604915
56584.8010193	0.999326556548
56584.8841198	1.00078351554
56584.9672203	0.999854487851
56585.0503209	1.00001972314
56585.1334214	0.999712403435
56585.216522	0.999852672514
56585.2996225	1.00058727876
56585.3827231	0.999852064815
56585.4658236	0.999837698498
56585.5489241	1.00066408903
56585.6320247	0.999828917855
56585.7151252	0.999457394969
56585.7982258	1.00021327463
56585.8813263	0.999946623962
56585.9644269	1.00061109161
56586.0475274	1.00053575649
56586.130628	0.99989260887
56586.2137285	0.999976183795
56586.296829	0.999209854978
56586.3799296	0.999915114973
56586.4630301	0.999666842896
56586.5461307	0.999937826238
56586.6292312	0.99991534929
56586.7123318	1.00029377735
56586.7954323	0.999956657956
56586.8785329	0.999733032352
56586.9616334	0.999794034132
56587.0447339	0.999882869876
56587.1278345	0.99976779501
56587.210935	0.999799547983
56587.2940356	1.00015707171
56587.3771361	0.999247296527
56587.4602367	1.00049008818
56587.5433372	1.00058429907
56587.6264377	1.00022980262
56587.7095383	0.999766679612
56587.7926388	1.00048957638
56587.8757394	1.00062822463
56587.9588399	1.00017046152
56588.0419405	1.00044168816
56588.125041	0.999943942507
56588.2081416	1.00023368395
56588.2912421	0.999711202217
56588.3743426	1.00034363784
56588.4574432	0.999980841665
56588.5405437	0.999669405044
56588.6236443	1.00018511552
56588.7067448	0.999914402752
56588.7898454	1.00010972877
56588.8729459	0.999806266233
56588.9560465	1.00006767374
56589.039147	0.9997697673
56589.1222475	1.00041643696
56589.2053481	1.00024448078
56589.2884486	0.999885266068
56589.3715492	1.00043271299
56589.4546497	1.00026813407
56589.5377503	1.00074696095
56589.6208508	1.00026376259
56589.7039513	1.00042182654
56589.7870519	0.999748020545
56589.8701524	1.00045044389
56589.953253	1.00030436471
56590.0363535	1.00091668752
56590.1194541	0.999641613478
56590.2025546	0.99949019165
56590.2856552	0.999885438164
56590.3687557	1.00020503104
56590.4518562	1.00005026246
56590.5349568	1.00015615732
56590.6180573	1.00007403605
56590.7011579	1.00008497573
56590.7842584	1.00009945446
56590.867359	0.999261396138
56590.9504595	0.999898590156
56591.03356	0.999354543027
56591.1166606	1.0004523124
56591.1997611	1.00055485383
56591.2828617	0.99978587846
56591.3659622	0.999946160426
56591.4490628	0.999426745951
56591.5321633	0.999808285309
56591.6152639	0.99996477856
56591.6983644	0.999889027723
56591.7814649	1.00025695719
56591.8645655	0.999620057795
56591.947666	0.99975513491
56592.0307666	1.0002990838
56592.1138671	1.00023073806
56592.1969677	1.00003135031
56592.2800682	1.00050691857
56592.3631688	0.999998469493
56592.4462693	0.999796076188
56592.5293698	1.00049218563
56592.6124704	1.00037066611
56592.6955709	0.999732319863
56592.7786715	0.999871641089
56592.861772	1.00005936973
56592.9448726	1.00065845753
56593.0279731	1.00035884858
56593.1110736	0.999964011962
56593.1941742	0.999837487539
56593.2772747	0.999775264623
56593.3603753	0.999272562147
56593.4434758	1.00000198262
56593.5265764	0.999469799504
56593.6096769	1.00015704174
56593.6927775	0.999942683038
56593.775878	1.00043405969
56593.8589785	1.00013976027
56593.9420791	0.999613686383
56594.0251796	0.999146950408
56594.1082802	1.00079545956
56594.1913807	0.999600106661
56594.2744813	1.00017485085
56594.3575818	0.999894929602
56594.4406824	1.00044753348
56594.5237829	0.999433892304
56594.6068834	1.00039726846
56594.689984	0.999515588188
56594.7730845	1.00042366165
56594.8561851	1.00000505065
56594.9392856	1.00035853184
56595.0223862	0.999918851329
56595.1054867	1.00079331834
56595.1885872	1.00004581531
56595.2716878	0.999739367935
56595.3547883	0.999734002792
56595.4378889	0.99976330204
56595.5209894	1.00026288885
56595.60409	0.999865922626
56595.6871905	0.999771908665
56595.7702911	1.00002892522
56595.8533916	0.999789623813
56595.9364921	0.999435181377
56596.0195927	0.999761539606
56596.1026932	0.99948084084
56596.1857938	0.999327352938
56596.2688943	0.999442035212
56596.3519949	0.999501014052
56596.4350954	0.999277734989
56596.518196	0.999885091814
56596.6012965	0.999289167744
56596.684397	1.00049343471
56596.7674976	1.0000868979
56596.8505981	0.999811590458
56596.9336987	0.999946021756
56597.0167992	0.999934455599
56597.0998998	1.0003637228
56597.1830003	1.00035463434
56597.2661008	1.00035297029
56597.3492014	0.999550027072
56597.4323019	0.999951430687
56597.5154025	0.999992450101
56597.598503	0.999868158727
56597.6816036	0.999504812317
56597.7647041	0.99952664159
56597.8478047	0.999727161443
56597.9309052	1.00002734356
56598.0140057	1.00014334796
56598.0971063	0.999900113973
56598.1802068	1.00010531252
56598.2633074	0.999988412
56598.3464079	1.00023468979
56598.4295085	0.999609591851
56598.512609	1.00091870851
56598.5957095	1.00031736229
56598.6788101	1.00047799692
56598.7619106	0.999982801247
56598.8450112	0.999613396535
56598.9281117	0.999892972092
56599.0112123	0.99965583493
56599.0943128	0.999780521154
56599.1774134	1.00002272345
56599.2605139	0.999221863061
56599.3436144	1.00014468772
56599.426715	1.00031774534
56599.5098155	1.00016361097
56599.5929161	1.00006398523
56599.6760166	0.999772435352
56599.7591172	0.999128427052
56599.8422177	0.999822085997
56599.9253183	1.00024555862
56600.0084188	0.999544702794
56600.0915193	0.999833231123
56600.1746199	0.999904420915
56600.2577204	0.999934944837
56600.340821	0.999729908366
56600.4239215	0.999000410285
56600.5070221	1.00025366524
56600.5901226	0.999940679608
56600.6732231	0.999742393527
56600.7563237	0.999384805229
56600.8394242	0.999991910524
56600.9225248	0.999862925358
56601.0056253	1.00038771859
56601.0887259	1.00085477283
56601.1718264	0.99893580137
56601.254927	1.0001556365
56601.3380275	0.999743401889
56601.421128	1.00033662713
56601.5042286	1.00074451988
56601.5873291	1.00059892604
56601.6704297	1.0003875924
56601.7535302	1.00023826336
56601.8366308	1.00149562509
56601.9197313	0.999977959289
56602.0028319	1.00181343635
56602.0859324	1.00068780392
56602.1690329	1.00074564685
56602.2521335	1.00052989145
56602.335234	0.999960519782
56602.4183346	0.999714364221
56602.5014351	1.00060470806
56602.5845357	1.00052109126
56602.6676362	1.00032206091
56602.7507367	1.00035193327
56602.8338373	1.00034831656
56602.9169378	1.00058979613
56603.0000384	1.00052105656
56603.0831389	1.00027981548
56603.1662395	0.999681306374
56603.24934	0.999530366775
56603.3324406	0.999307680789
56603.4155411	1.00060539981
56603.4986416	1.00021143815
56603.5817422	1.00000449834
56603.6648427	0.999990648505
56603.7479433	0.999323552154
56603.8310438	0.999926313131
56603.9141444	1.00011697023
56603.9972449	0.999451056749
56604.0803454	0.999468763803
56604.163446	1.00032393973
56604.2465465	0.999924896176
56604.3296471	1.00003734835
56604.4127476	1.00065887309
56604.4958482	0.999030469388
56604.5789487	1.00024554619
56604.6620493	0.999425500213
56604.7451498	1.00020104965
56604.8282503	1.00037810492
56604.9113509	0.999239967907
56604.9944514	0.999503968824
56605.077552	0.999318363964
56605.1606525	0.999064456553
56605.2437531	0.99991464388
56605.3268536	0.99936116469
56605.4099542	0.998934753816
56605.4930547	0.999219869168
56605.5761552	0.999486361887
56605.6592558	0.999788897443
56605.7423563	0.999373456147
56605.8254569	0.999533730529
56605.9085574	1.00001203419
56605.991658	0.999718315958
56606.0747585	1.00037371739
56606.157859	0.99972591265
56606.2409596	0.999621856158
56606.3240601	1.00037204852
56606.4071607	0.999623522927
56606.4902612	0.999841637489
56606.5733618	1.00049218832
56606.6564623	1.00017053956
56606.7395629	0.999828717314
56606.8226634	0.999405646528
56606.9057639	1.0003346226
56606.9888645	0.999905335082
56607.071965	1.00014836122
56607.1550656	1.00078625274
56607.2381661	0.999791728054
56607.3212667	1.00043126188
56607.4043672	0.999858954183
56607.4874678	1.00013682762
56607.5705683	0.999713268243
56607.6536688	1.00072112821
56607.7367694	1.00049061783
56607.8198699	1.00008729409
56607.9029705	0.999129490999
56607.986071	1.0001969808
56608.0691716	1.0002173086
56608.1522721	0.999376293421
56608.2353726	1.00092612439
56608.3184732	1.00012112856
56608.4015737	1.00032934472
56608.4846743	0.999697154148
56608.5677748	0.999916666268
56608.6508754	0.999513200247
56608.7339759	0.99934348987
56608.8170765	0.999541865758
56608.900177	1.00009306142
56608.9832775	1.00004181441
56609.0663781	1.00036335046
56609.1494786	1.00000211294
56609.2325792	1.00032740295
56609.3156797	1.0001181834
56609.3987803	1.00007119959
56609.4818808	0.999989766817
56609.5649814	0.999639636281
56609.6480819	0.999876627573
56609.7311824	1.00050151191
56609.814283	1.00057824034
56609.8973835	0.999684428593
56609.9804841	1.00016902858
56610.0635846	1.00003656283
56610.1466852	0.999585475942
56610.2297857	0.999953190669
56610.3128862	1.00014422016
56610.3959868	1.00103160908
56610.4790873	0.999702552542
56610.5621879	0.999474226121
56610.6452884	1.00041732129
56610.728389	1.00040253051
56610.8114895	1.00104409603
56610.8945901	0.999421931604
56610.9776906	1.00026138484
56611.0607911	0.999714442963
56611.1438917	0.999457323417
56611.2269922	1.00020724548
56611.3100928	0.999588032902
56611.3931933	1.00016808194
56611.4762939	0.998610776177
56611.5593944	0.999727990241
56611.6424949	0.999555589443
56611.7255955	0.999985694466
56611.808696	0.999767231501
56611.8917966	0.999820710042
56611.9748971	1.00004727602
56612.0579977	0.99966319492
56612.1410982	0.999769657949
56612.2241988	0.999882334626
56612.3072993	0.999687482457
56612.3903998	0.999659069495
56612.4735004	0.999711044191
56612.5566009	0.999988101173
56612.6397015	1.00013568673
56612.722802	1.00013257652
56612.8059026	0.999704953977
56612.8890031	0.999388998355
56612.9721037	0.999070761437
56613.0552042	1.00002788708
56613.1383047	0.999702172078
56613.2214053	0.999812844937
56613.3045058	0.999989808035
56613.3876064	0.999332724578
56613.4707069	0.999949933149
56613.5538075	0.999421122933
56613.636908	1.00017209597
56613.7200085	1.00054094548
56613.8031091	0.99967199545
56613.8862096	0.999058384107
56613.9693102	0.999298175941
56614.0524107	1.00009117485
56614.1355113	1.00010109074
56614.2186118	0.99991912529
56614.3017124	1.0005763906
56614.3848129	0.999953964359
56614.4679134	0.99988354354
56614.551014	0.999641863641
56614.6341145	0.999857236676
56614.7172151	0.999645963941
56614.8003156	1.00036690275
56614.8834162	0.999997369753
56614.9665167	1.00037674662
56615.0496173	0.999734253416
56615.1327178	0.999329763637
56615.2158183	0.999994698551
56615.2989189	0.999922996224
56615.3820194	0.999991623455
56615.46512	0.999528938043
56615.5482205	0.999705281896
56615.6313211	1.00095000668
56615.7144216	1.00049682941
56615.7975221	1.00029796373
56615.8806227	1.00037256072
56615.9637232	1.00100102086
56616.0468238	1.00060016277
56616.1299243	1.00073790364
56616.2130249	1.0007123212
56616.2961254	0.99988416511
56616.379226	1.00021342832
56616.4623265	1.00048586463
56616.545427	1.00061491032
56616.6285276	0.999491881822
56616.7116281	1.00005630994
56616.7947287	1.00014517748
56616.8778292	1.00037150196
56616.9609298	0.99956638283
56617.0440303	0.999893728125
56617.1271308	0.9998936341
56617.2102314	0.999985837009
56617.2933319	1.00030698058
56617.3764325	1.00043479352
56617.459533	0.999325753051
56617.5426336	1.00061242395
56617.6257341	0.999902492435
56617.7088347	1.00013285977
56617.7919352	1.00036773941
56617.8750357	0.999839315645
56617.9581363	0.999849841166
56618.0412368	0.999903393641
56618.1243374	1.0001840298
56618.2074379	1.00056518323
56618.2905385	0.999552517136
56618.373639	1.00025561766
56618.4567396	1.00013321351
56618.5398401	0.999735639157
56618.6229406	1.00045377287
56618.7060412	1.00016667836
56618.7891417	1.00003120907
56618.8722423	1.00008649967
56618.9553428	1.00026598406
56619.0384434	1.0000652298
56619.1215439	1.0004716905
56619.2046444	0.999925272893
56619.287745	1.00054083579
56619.3708455	1.000861266
56619.4539461	0.999625095904
56619.5370466	1.00031886305
56619.6201472	1.00086173391
56619.7032477	1.00025863448
56619.7863483	1.00016487084
56619.8694488	1.0008259046
56619.9525493	1.00115733551
56620.0356499	1.00064223841
56620.1187504	1.00014833014
56620.201851	0.999663827683
56620.2849515	1.00023324245
56620.3680521	1.00027101222
56620.4511526	1.00069927998
56620.5342532	1.0002121613
56620.6173537	0.999807643611
56620.7004542	0.9998492147
56620.7835548	1.00025215764
56620.8666553	0.999419623103
56620.9497559	0.999443872068
56621.0328564	1.00001831876
56621.115957	1.00010009542
56621.1990575	0.999655541271
56621.282158	0.99956811397
56621.3652586	1.00031029365
56621.4483591	0.999853580956
56621.5314597	1.00032076588
56621.6145602	0.999666886642
56621.6976608	0.999831571427
56621.7807613	1.00018216977
56621.8638619	0.99977048403
56621.9469624	1.00116671514
56622.0300629	1.0005486392
56622.1131635	1.00017230355
56622.196264	1.00007072664
56622.2793646	0.999895613197
56622.3624651	1.00023687173
56622.4455657	0.999386715506
56622.5286662	0.999725905882
56622.6117668	0.999717651056
56622.6948673	1.00008271692
56622.7779678	1.00015891673
56622.8610684	1.00014988369
56622.9441689	1.00014102163
56623.0272695	0.99987291795
56623.11037	1.00046416002
56623.1934706	1.00016474302
56623.2765711	1.00013195091
56623.3596716	0.999711534549
56623.4427722	1.0000838164
56623.5258727	1.00048200717
56623.6089733	0.999957297008
56623.6920738	0.999350319394
56623.7751744	1.00016449992
56623.8582749	1.00000433062
56623.9413755	0.999432283846
56624.024476	0.999878810556
56624.1075765	1.00004810484
56624.1906771	0.99980513359
56624.2737776	1.00029495818
56624.3568782	0.999927916994
56624.4399787	1.00021094189
56624.5230793	1.00015078735
56624.6061798	1.00095271109
56624.6892803	1.00065317339
56624.7723809	1.00037487318
56624.8554814	1.00009837884
56624.938582	0.999324813906
56625.0216825	1.0002552954
56625.1047831	1.00024076915
56625.1878836	0.999981691212
56625.2709842	1.00012511101
56625.3540847	1.00034098163
56625.4371852	0.99992324408
56625.5202858	0.999947618086
56625.6033863	1.0002899007
56625.6864869	1.00092397297
56625.7695874	0.99990783116
56625.852688	0.999926647931
56625.9357885	0.999649832218
56626.0188891	1.00032925687
56626.1019896	1.00069125045
56626.1850901	1.0003530788
56626.2681907	1.00005853266
56626.3512912	1.00021304903
56626.4343918	1.0001322921
56626.5174923	0.999799977102
56626.6005929	1.00022102268
56626.6836934	1.00046629292
56626.7667939	1.00027764676
56626.8498945	1.00008999214
56626.932995	0.999319520144
56627.0160956	0.999711714872
56627.0991961	1.00041461205
56627.1822967	0.999723187093
56627.2653972	1.00006728075
56627.3484978	1.00048500797
56627.4315983	0.999844346487
56627.5146988	0.999729654464
56627.5977994	1.00001168809
56627.6808999	0.999238110808
56627.7640005	0.999405193377
56627.847101	1.00055787643
56627.9302016	0.99955771144
56628.0133021	0.999335120368
56628.0964027	0.999969818565
56628.1795032	1.00036499251
56628.2626037	1.00020537936
56628.3457043	1.00046474817
56628.4288048	1.00073083497
56628.5119054	1.00007138545
56628.5950059	0.999479539375
56628.6781065	1.00015147407
56628.761207	0.999409892378
56628.8443075	1.00013093117
56628.9274081	0.999421245634
56629.0105086	0.999195064557
56629.0936092	0.999982925584
56629.1767097	0.999717654686
56629.2598103	0.999635559228
56629.3429108	0.999659031169
56629.4260114	0.999270442228
56629.5091119	1.00019109422
56629.5922124	0.999794453201
56629.675313	0.999697057788
56629.7584135	1.00025343221
56629.8415141	1.00038819153
56629.9246146	0.999899932695
56630.0077152	1.00030165249
56630.0908157	1.0006802743
56630.1739162	0.999966519377
56630.2570168	0.999976968233
56630.3401173	0.999715455621
56630.4232179	1.00027502636
56630.5063184	1.00044135169
56630.589419	1.00061914083
56630.6725195	1.00075369322
56630.7556201	1.00038762406
56630.8387206	1.0005455129
56630.9218211	1.00031653619
56631.0049217	1.00000018957
56631.0880222	1.00040489015
56631.1711228	1.00016510438
56631.2542233	1.00049433847
56631.3373239	1.00012208675
56631.4204244	0.999983838731
56631.503525	0.999710546469
56631.5866255	1.00050197261
56631.669726	0.999969114074
56631.7528266	1.00008188653
56631.8359271	1.00063891927
56631.9190277	1.00032470313
56632.0021282	1.000432704
56632.0852288	1.00044746441
56632.1683293	1.0005705003
56632.2514298	0.999415349476
56632.3345304	1.00085714464
56632.4176309	1.00019846774
56632.5007315	0.999025649705
56632.583832	0.999686162577
56632.6669326	1.00055014613
56632.7500331	1.00087593043
56632.8331337	1.00097745292
56632.9162342	1.00051910921
56632.9993347	1.00035181659
56633.0824353	1.00003870245
56633.1655358	1.00020744678
56633.2486364	1.00069499316
56633.3317369	1.00082171073
56633.4148375	1.00016158442
56633.497938	1.0005349822
56633.5810386	1.00067817006
56633.6641391	1.00041871258
56633.7472396	1.00092328121
56633.8303402	1.00060523349
56633.9134407	1.00036167897
56633.9965413	1.00030885702
56634.0796418	1.00092279038
56634.1627424	0.999937104032
56634.2458429	0.999736873644
56634.3289434	0.999562275415
56634.412044	0.999731698282
56634.4951445	1.00082704251
56634.5782451	1.00024685674
56634.6613456	1.00071589595
56634.7444462	1.00020112349
56634.8275467	1.00018667505
56634.9106473	1.00013959515
56634.9937478	1.00084467337
56635.0768483	0.999861532764
56635.1599489	0.99957036702
56635.2430494	1.00012540441
56635.32615	1.00040285597
56635.4092505	0.999835285849
56635.4923511	1.0009992559
56635.5754516	1.00015459631
56635.6585522	0.999798851171
56635.7416527	0.999630176431
56635.8247532	1.00030460737
56635.9078538	1.00036362125
56635.9909543	0.99976710032
56636.0740549	1.00064089939
56636.1571554	1.00071913285
56636.240256	0.999961184044
56636.3233565	1.00021813364
56636.406457	0.999741840298
56636.4895576	0.99919956989
56636.5726581	0.999852059054
56636.6557587	0.999466650854
56636.7388592	0.99969628522
56636.8219598	0.99997708786
56636.9050603	1.00004214019
56636.9881609	0.998656690725
56637.0712614	1.00033354065
56637.1543619	0.99994438381
56637.2374625	1.00001162888
56637.320563	1.00030332931
56637.4036636	0.998970076031
56637.4867641	0.999700282752
56637.5698647	1.00026524447
56637.6529652	0.999845079695
56637.7360657	0.999987150505
56637.8191663	1.00022700546
56637.9022668	1.00010607046
56637.9853674	1.00006078798
56638.0684679	1.00024260987
56638.1515685	1.0003521657
56638.234669	1.00017668009
56638.3177696	1.00033450323
56638.4008701	1.00065454114
56638.4839706	0.999766038602
56638.5670712	1.00066209524
56638.6501717	1.0000992867
56638.7332723	0.999760706566
56638.8163728	0.999779574832
56638.8994734	1.00007460979
56638.9825739	0.999591549808
56639.0656745	1.00006056489
56639.148775	1.00065204087
56639.2318755	1.00015548573
56639.3149761	0.999911403566
56639.3980766	1.00046017524
56639.4811772	1.00039864062
56639.5642777	0.999902152149
56639.6473783	0.99992978119
56639.7304788	1.00052084711
56639.8135793	1.00063674411
56639.8966799	1.00000841213
56639.9797804	1.00029546107
56640.062881	1.0000948206
56640.1459815	1.00026025968
56640.2290821	1.00049615464
56640.3121826	0.999824801001
56640.3952832	1.00053502237
56640.4783837	1.00032002187
56640.5614842	1.00007565313
56640.6445848	1.00040968528
56640.7276853	1.00000958725
56640.8107859	1.00016236086
56640.8938864	0.999849722737
56640.976987	0.999932627075
56641.0600875	1.00009383325
56641.1431881	1.0006682349
56641.2262886	0.999769953321
56641.3093891	1.00049713002
56641.3924897	0.99998231092
56641.4755902	0.999570247918
56641.5586908	0.99931621791
56641.6417913	0.999638139584
56641.7248919	0.999948603551
56641.8079924	0.999774360356
56641.8910929	0.999597950447
56641.9741935	1.00023227713
56642.057294	0.99999657152
56642.1403946	0.999857864629
56642.2234951	1.0004253202
56642.3065957	0.999452656494
56642.3896962	1.00019733135
56642.4727968	0.999746353636
56642.5558973	0.999810174555
56642.6389978	0.999137114569
56642.7220984	0.999562235189
56642.8051989	0.999046972626
56642.8882995	0.999723151615
56642.9714	0.999260198967
56643.0545006	0.999001772136
56643.1376011	1.00017810531
56643.2207016	0.999786299117
56643.3038022	0.999789587003
56643.3869027	1.00022720629
56643.4700033	0.999954700908
56643.5531038	1.00003908263
56643.6362044	0.999463094421
56643.7193049	0.999822635891
56643.8024055	0.999593002115
56643.885506	0.999730971244
56643.9686065	0.999950116805
56644.0517071	0.999893453787
56644.1348076	1.00030481661
56644.2179082	1.00019643764
56644.3010087	1.00066371338
56644.3841093	1.00012991552
56644.4672098	0.999912001375
56644.5503104	0.999239078016
56644.6334109	0.999528179165
56644.7165114	0.999880007903
56644.799612	0.999721902409
56644.8827125	0.999245180186
56644.9658131	0.999551943147
56645.0489136	0.999432332898
56645.1320142	0.999078686738
56645.2151147	1.00070885278
56645.2982152	0.999428414793
56645.3813158	0.999194404601
56645.4644163	0.999749864998
56645.5475169	0.999912250916
56645.6306174	0.999986728173
56645.713718	1.00059869881
56645.7968185	0.999455386772
56645.8799191	1.0002413352
56645.9630196	0.99992242968
56646.0461201	1.00001341895
56646.1292207	1.00040363244
56646.2123212	1.00026876144
56646.2954218	0.999751992422
56646.3785223	1.000590564
56646.4616229	0.999756703375
56646.5447234	1.00035168401
56646.627824	0.999809103313
56646.7109245	0.999729653288
56646.794025	0.999511535647
56646.8771256	1.00069952268
56646.9602261	0.999903956841
56647.0433267	0.99960574791
56647.1264272	0.999483808047
56647.2095278	0.99943859708
56647.2926283	0.999183976975
56647.3757288	1.00007784394
56647.4588294	1.00056382284
56647.5419299	0.999178328264
56647.6250305	1.00007524958
56647.708131	1.00068750038
56647.7912316	0.999991701505
56647.8743321	1.000827976
56647.9574327	0.999718040618
56648.0405332	1.0004187766
56648.1236337	0.999374626436
56648.2067343	0.999197093996
56648.2898348	1.0003464241
56648.3729354	0.99950852592
56648.4560359	0.999327091025
56648.5391365	0.999623103985
56648.622237	1.00043714119
56648.7053376	0.999749669774
56648.7884381	1.00073887673
56648.8715386	1.00005916889
56648.9546392	0.999872396956
56649.0377397	0.999408151983
56649.1208403	1.00000326208
56649.2039408	1.00013639263
56649.2870414	1.00026486043
56649.3701419	0.999776587083
56649.4532424	0.999856038141
56649.536343	1.00019348689
56649.6194435	1.00005708243
56649.7025441	1.00084252735
56649.7856446	0.999879907766
56649.8687452	1.00023715964
56649.9518457	1.00037281407
56650.0349463	1.00041375717
56650.1180468	1.00008855914
56650.2011473	1.00035925857
56650.2842479	0.999960063018
56650.3673484	0.999569987976
56650.450449	0.999527051857
56650.5335495	0.999499453754
56650.6166501	0.999332487306
56650.6997506	1.00052559085
56650.7828511	0.999272389688
56650.8659517	1.00001969646
56650.9490522	0.999142123649
56651.0321528	0.99991919698
56651.1152533	0.999813058889
56651.1983539	0.999772950814
56651.2814544	1.00033479445
56651.364555	1.00024810313
56651.4476555	0.999716633885
56651.530756	1.00061470259
56651.6138566	0.999575593211
56651.6969571	1.00017684121
56651.7800577	1.00006587448
56651.8631582	1.00016556692
56651.9462588	0.999519436281
56652.0293593	1.00033484041
56652.1124599	0.999547896868
56652.1955604	0.999615772253
56652.2786609	1.00014016061
56652.3617615	1.00108120423
56652.444862	1.00058640588
56652.5279626	0.999966830139
56652.6110631	1.00058338602
56652.6941637	0.999985971207
56652.7772642	1.00056706829
56652.8603647	1.00057487246
56652.9434653	0.999588059473
56653.0265658	0.999915982368
56653.1096664	1.0001783298
56653.1927669	1.00008399403
56653.2758675	1.00076148601
56653.358968	0.999977517665
56653.4420686	1.00002039057
56653.5251691	0.999598058751
56653.6082696	0.999777926844
56653.6913702	1.00015407497
56653.7744707	0.999736491346
56653.8575713	0.999749916007
56653.9406718	0.999586125253
56654.0237724	0.999493233404
56654.1068729	1.00009083905
56654.1899735	1.00026154934
56654.273074	0.999996993632
56654.3561745	1.00016224357
56654.4392751	0.999834707126
56654.5223756	0.99989371112
56654.6054762	0.999880859584
56654.6885767	1.00035207876
56654.7716773	0.999864196444
56654.8547778	0.999843341288
56654.9378783	0.999456435302
56655.0209789	0.999724103422
56655.1040794	0.999606515916
56655.18718	0.999620429529
56655.2702805	0.999782672279
56655.3533811	0.999549590381
56655.4364816	0.999744086096
56655.5195822	1.00017977187
56655.6026827	0.999942008697
56655.6857832	1.00101455836
56655.7688838	1.00045590869
56655.8519843	0.99973116368
56655.9350849	1.00129594664
56656.0181854	1.00016893723
56656.101286	1.000392132
56656.1843865	1.00068240822
56656.2674871	0.999916067481
56656.3505876	1.00036971999
56656.4336881	1.00055785116
56656.5167887	1.00066094911
56656.5998892	1.00032304715
56656.6829898	1.00108573402
56656.7660903	1.00061318391
56656.8491909	0.999748733647
56656.9322914	1.00060058804
56657.0153919	0.999833070001
56657.0984925	1.0002761961
56657.181593	1.00030314095
56657.2646936	1.00054535337
56657.3477941	1.0002820064
56657.4308947	1.00058167424
56657.5139952	1.00072684543
56657.5970958	1.00070584168
56657.6801963	0.999970991471
56657.7632968	1.00017430284
56657.8463974	0.999715501768
56657.9294979	1.00004065595
56658.0125985	1.00011964337
56658.095699	1.00048358109
56658.1787996	0.999851741472
56658.2619001	0.999188214002
56658.3450006	0.999652286499
56658.4281012	1.00030259824
56658.5112017	1.00057605849
56658.5943023	1.00015206945
56658.6774028	0.999851667433
56658.7605034	1.00102271789
56658.8436039	0.999893126361
56658.9267045	1.00041187351
56659.009805	1.00082208624
56659.0929055	1.00100761621
56659.1760061	0.999253568359
56659.2591066	0.999955615625
56659.3422072	0.999628967153
56659.4253077	0.99951344051
56659.5084083	0.999863543889
56659.5915088	1.00022243199
56659.6746094	0.999295626805
56659.7577099	1.00023553536
56659.8408104	0.999702076717
56659.923911	1.00024381717
56660.0070115	1.00026139289
56660.0901121	0.999526370013
56660.1732126	0.999634107975
56660.2563132	0.99990021467
56660.3394137	0.999713542096
56660.4225142	1.00091986468
56660.5056148	1.00040710519
56660.5887153	0.999452455512
56660.6718159	0.999225357397
56660.7549164	0.999745933419
56660.838017	0.999343686932
56660.9211175	1.00058213536
56661.0042181	0.999459077805
56661.0873186	0.99922825086
56661.1704191	0.99966030782
56661.2535197	0.999414887417
56661.3366202	1.00011349962
56661.4197208	0.998924011763
56661.5028213	0.999563429486
56661.5859219	0.999811520232
56661.6690224	0.999976239619
56661.752123	0.999967029033
56661.8352235	0.999595145211
56661.918324	1.0000983319
56662.0014246	0.999764621115
56662.0845251	0.999678345562
56662.1676257	0.999841299898
56662.2507262	1.00051643206
56662.3338268	1.00071946361
56662.4169273	0.999899235217
56662.5000278	1.00083764697
56662.5831284	1.00054610413
56662.6662289	1.00064640389
56662.7493295	1.00023884653
56662.83243	1.00030293695
56662.9155306	1.00052783459
56662.9986311	1.00079763115
56663.0817317	0.999875071772
56663.1648322	0.999663864718
56663.2479327	1.00015101933
56663.3310333	0.999530002951
56663.4141338	0.999510998987
56663.4972344	1.00051317394
56663.5803349	1.00048782701
56663.6634355	1.00057376299
56663.746536	1.00100331752
56663.8296365	1.00076028012
56663.9127371	1.00016796763
56663.9958376	0.999809509363
56664.0789382	1.00047708158
56664.1620387	1.00048220854
56664.2451393	1.00028322855
56664.3282398	1.00068489765
56664.4113404	1.00130181434
56664.4944409	1.00033315804
56664.5775414	1.00011089521
56664.660642	1.00051205093
56664.7437425	0.999917045612
56664.8268431	0.999902218588
56664.9099436	1.00011289916
56664.9930442	1.00006369087
56665.0761447	0.999998213901
56665.1592453	1.0002540679
56665.2423458	1.00029610365
56665.3254463	1.00030463826
56665.4085469	1.00064836647
56665.4916474	0.999367533225
56665.574748	1.00030062029
56665.6578485	1.00024149915
56665.7409491	1.00019087308
56665.8240496	1.00033979868
56665.9071501	0.999852063477
56665.9902507	1.00031658744
56666.0733512	1.00094298366
56666.1564518	0.999769197294
56666.2395523	1.00018728519
56666.3226529	0.998921514733
56666.4057534	1.00104407439
56666.488854	1.00030831616
56666.5719545	1.00014275854
56666.655055	1.00022104669
56666.7381556	1.00019885922
56666.8212561	0.999982363774
56666.9043567	1.00043278411
56666.9874572	0.999956071541
56667.0705578	1.00018123705
56667.1536583	0.999608050564
56667.2367589	0.99924695106
56667.3198594	0.999835995106
56667.4029599	0.999789496382
56667.4860605	1.0002740601
56667.569161	1.00051257079
56667.6522616	0.999899812169
56667.7353621	0.99971166694
56667.8184627	0.999939159155
56667.9015632	1.00014420245
56667.9846637	0.999708139523
56668.0677643	0.999599747089
56668.1508648	1.00007131263
56668.2339654	0.999718481494
56668.3170659	1.00028757771
56668.4001665	0.999562251222
56668.483267	0.999441266412
56668.5663676	0.999591918869
56668.6494681	0.998633147035
56668.7325686	0.998915040406
56668.8156692	0.999525586507
56668.8987697	0.999565321422
56668.9818703	0.999915668959
56669.0649708	0.999362559246
56669.1480714	0.999593146808
56669.2311719	0.999731007752
56669.3142725	0.999732127074
56669.397373	0.999953625404
56669.4804735	0.999757342139
56669.5635741	1.00046135431
56669.6466746	0.999394959666
56669.7297752	0.999091220839
56669.8128757	0.9995170236
56669.8959763	0.999170896028
56669.9790768	0.99962800136
56670.0621773	0.999688344922
56670.1452779	1.00023118638
56670.2283784	1.00028518898
56670.311479	0.999357310545
56670.3945795	0.99949244041
56670.4776801	0.999270757466
56670.5607806	0.999378138875
56670.6438812	1.00002698379
56670.7269817	0.999045475733
56670.8100822	0.999424570721
56670.8931828	0.999142698244
56670.9762833	0.999583289354
56671.0593839	0.999969708321
56671.1424844	0.99975392484
56671.225585	0.999714576617
56671.3086855	0.999154628837
56671.391786	0.999413264016
56671.4748866	0.999317088688
56671.5579871	0.999080713978
56671.6410877	1.00042686165
56671.7241882	1.00020675007
56671.8072888	0.999196359874
56671.8903893	0.999923968815
56671.9734899	0.999530243604
56672.0565904	0.999980431699
56672.1396909	0.999592706929
56672.2227915	1.00008898144
56672.305892	0.999625889823
56672.3889926	0.999751504324
56672.4720931	1.00067689284
56672.5551937	1.00042781344
56672.6382942	0.999528976551
56672.7213948	1.0006704914
56672.8044953	0.999808872395
56672.8875958	1.00011487525