56546.9071712	0.999737774965	0.000389856835491
56546.9902718	0.999992031126	0.000389913996204
56547.0733723	1.00016281136	0.00036765065321
56547.1564728	1.00055541133	0.000390035007818
56547.2395734	1.00002632501	0.000389938175502
56547.3226739	0.999984053995	0.000389939437401
56547.4057745	1.00000697519	0.000389953653259
56547.488875	0.999488758753	0.000389863122014
56547.5719756	1.00009169772	0.000367686124443
56547.6550761	1.00005734235	0.000389992627624
56547.7381767	0.999986416743	0.000389987100124
56547.8212772	1.00103528922	0.000390200774342
56547.9043777	0.999592384871	0.000389927318512
56547.9874783	0.999849504992	0.000389983438247
56548.0705788	1.00024487533	0.000367756904345
56548.1536794	1.00013933827	0.0003900468665
56548.2367799	0.999442027508	0.000389913770944
56548.3198805	0.9999162575	0.00039001187185
56548.402981	0.999869336679	0.000390007612947
56548.4860815	0.999639010595	0.000367664125257
56548.5691821	0.999590549605	0.000389960851268
56548.6522826	1.00007244584	0.00039005804429
56548.7353832	0.999511692719	0.000389953031409
56548.8184837	0.999411858507	0.000389936953063
56548.9015843	1.00019956765	0.000390095013338
56548.9846848	1.00000466738	0.000367750445311
56549.0677854	0.99969639049	0.000389998187618
56549.1508859	0.999554072669	0.000389970146469
56549.2339864	0.999928992989	0.000390043989698
56549.317087	0.999772456022	0.000390015534327
56549.4001875	1.00034624673	0.000390132050779
56549.4832881	1.0002809408	0.000367811666229
56549.5663886	1.00021759133	0.000390114620786
56549.6494892	1.00017391298	0.000390111838847
56549.7325897	1.00032694509	0.000390147639937
56549.8156903	1.0005636086	0.000390199110831
56549.8987908	0.999599766981	0.000390019408252
56549.9818913	1.00047718435	0.000367879787264
56550.0649919	1.00016279211	0.000390138763944
56550.1480924	1.00009529937	0.000390131287628
56550.231193	1.0000283136	0.00039012594734
56550.3142935	0.999523085128	0.000390036862108
56550.3973941	0.999577637179	0.0003900592235
56550.4804946	0.999849917978	0.000367812933154
56550.5635951	0.999959968255	0.000390155949044
56550.6466957	1.00053451627	0.000390277276244
56550.7297962	0.999972045882	0.000390176444352
56550.8128968	0.999137658967	0.000390022720972
56550.8959973	1.00029087701	0.000390254167868
56550.9790979	0.999939814545	0.000367876077604
56551.0621984	1.00038849779	0.000390283429711
56551.145299	1.00005131217	0.000390220885175
56551.2283995	1.00064222553	0.000390338589389
56551.3115	0.999946005974	0.000390208290608
56551.3946006	1.00046192978	0.00039031472419
56551.4777011	0.99998609747	0.000367910102862
56551.5608017	1.00019023699	0.000390272994832
56551.6439022	0.999753911918	0.000390190690272
56551.7270028	1.00027297226	0.000390296377825
56551.8101033	0.999730613964	0.000390193057174
56551.8932038	1.00047662146	0.000390344362721
56551.9763044	1.00069207301	0.00036806549284
56552.0594049	1.00061742001	0.000390379812713
56552.1425055	1.00056823464	0.000390372001101
56552.225606	1.00044988422	0.000390349864581
56552.3087066	1.00049391552	0.000390361216464
56552.3918071	1.00015483904	0.000390299335769
56552.4749077	1.00024985519	0.0003679965803
56552.5580082	0.999306166232	0.000390134511256
56552.6411087	1.00069372524	0.000390405052025
56552.7242093	1.00100208244	0.00039046707845
56552.8073098	1.0003362341	0.000390338728635
56552.8904104	0.99999549191	0.000367953010073
56552.9735109	1.0003450024	0.000390343384227
56553.0566115	0.999992987464	0.000390276170754
56553.139712	0.999761462285	0.000390234101953
56553.2228126	1.00013322068	0.000390313978429
56553.3059131	0.99994203706	0.000390283063971
56553.3890136	1.00034917215	0.000368046708218
56553.4721142	0.999567227545	0.000390232877529
56553.5552147	0.999747959744	0.000390279243264
56553.6383153	0.999939700976	0.000390323347453
56553.7214158	1.00028248793	0.00039039535311
56553.8045164	0.999754847066	0.000390301271985
56553.8876169	0.999625349351	0.000367963209155
56553.9707174	0.999129678128	0.000390195763001
56554.053818	0.999788772099	0.000390330621394
56554.1369185	1.00013678891	0.000390404845941
56554.2200191	0.99921836061	0.000390234715922
56554.3031196	0.999454606951	0.000390287470161
56554.3862202	1.00052397887	0.000368172111047
56554.4693207	0.999421646764	0.000390299423172
56554.5524213	1.0003850573	0.000390496340675
56554.6355218	0.999902171943	0.000390408983023
56554.7186223	0.999405145629	0.000390318289948
56554.8017229	0.999916263953	0.000390427343822
56554.8848234	0.99977252805	0.000368081717412
56554.967924	1.00094785198	0.000390647152668
56555.0510245	0.999754001311	0.000390419995526
56555.1341251	1.00018157236	0.000390508511883
56555.2172256	1.00059195104	0.000390596006154
56555.3003262	0.999985014865	0.000390484991043
56555.3834267	1.00024954153	0.000368211295929
56555.4665272	0.999515720159	0.000390411996881
56555.5496278	1.00054151616	0.000390619058798
56555.6327283	0.999735238883	0.000390469666985
56555.7158289	0.999780723993	0.000390485310233
56555.7989294	1.00019274262	0.000390575251929
56555.88203	0.999823450431	0.000368176077937
56555.9651305	1.00031141317	0.000390608866684
56556.048231	0.999636057132	0.000390479023527
56556.1313316	0.999538249554	0.000390461124103
56556.2144321	1.0002273826	0.00039059728969
56556.2975327	1.00013822268	0.00039058392671
56556.3806332	1.00047927941	0.000368313415146
56556.4637338	1.00007031122	0.000390578671566
56556.5468343	0.99953967086	0.000390477880787
56556.6299349	0.999238187819	0.000390423162784
56556.7130354	0.999856160201	0.000390546601036
56556.7961359	1.00010614189	0.000368261734266
56556.8792365	0.99994534504	0.00039057155006
56556.962337	0.999907412314	0.000390570301935
56557.0454376	1.00028106719	0.000390645222273
56557.1285381	1.00037339421	0.000390664657321
56557.2116387	1.00049115102	0.000390689665207
56557.2947392	0.999987773035	0.000368255013735
56557.3778397	0.99987300431	0.000390574810035
56557.4609403	1.00048435332	0.000390696123866
56557.5440408	0.999843869863	0.000390573049408
56557.6271414	0.999894215349	0.000390585659104
56557.7102419	1.00039526637	0.000390688449582
56557.7933425	1.00073946029	0.000368412804754
56557.876443	0.999760983196	0.000390572321628
56557.9595436	0.999731863536	0.000390570527469
56558.0426441	1.00005579728	0.000390635712534
56558.1257446	1.00032952928	0.00039068768501
56558.2088452	1.00055246917	0.000390732112825
56558.2919457	0.999345887986	0.000368169259247
56558.3750463	0.999938499316	0.000390628838495
56558.4581468	1.00044570177	0.000390740764565
56558.5412474	0.99945914954	0.000390557196572
56558.6243479	0.999508579707	0.000390575923007
56558.7074485	1.00071867221	0.000390821165338
56558.790549	0.999727628479	0.000368293368492
56558.8736495	0.999837039109	0.000390660629843
56558.9567501	0.999523572583	0.000390604494213
56559.0398506	1.00008310891	0.000390714409195
56559.1229512	0.999981833315	0.000390695038655
56559.2060517	1.00008649551	0.000368372197501
56559.2891523	0.999162470771	0.000390543068559
56559.3722528	0.999913380293	0.000390695191717
56559.4553533	1.00031975669	0.000390780857902
56559.5384539	0.99938536701	0.000390603858229
56559.6215544	0.999748666218	0.000390682234701
56559.704655	0.999429375493	0.000368288136601
56559.7877555	1.00052635803	0.000390851917485
56559.8708561	1.00029889373	0.000390817235163
56559.9539566	0.999894830757	0.000390746664432
56560.0370572	0.999336425042	0.000390645345505
56560.1201577	1.0000010178	0.000390782524745
56560.2032582	1.00003826323	0.000368447960913
56560.2863588	0.99979223928	0.000390757779895
56560.3694593	0.999871503996	0.000390788281701
56560.4525599	0.999911693958	0.000390802720579
56560.5356604	1.00040362001	0.000390908488336
56560.618761	0.999233140509	0.000390689949051
56560.7018615	0.999869738786	0.000368471639914
56560.7849621	0.99968362364	0.000390794721163
56560.8680626	0.999879322625	0.000390841714546
56560.9511631	0.999338431952	0.000390741725738
56561.0342637	0.999871969861	0.000390850049013
56561.1173642	0.999431106512	0.000368419395453
56561.2004648	0.999902686209	0.00039086632791
56561.2835653	0.999972584623	0.000390887192276
56561.3666659	0.999703469043	0.000390843921077
56561.4497664	1.00007596778	0.000390924352899
56561.5328669	0.999216756982	0.000390765056926
56561.6159675	1.00024164441	0.00036861415276
56561.699068	1.0004262007	0.000391017033239
56561.7821686	0.999336496796	0.000390813520804
56561.8652691	0.999925060253	0.0003909384393
56561.9483697	1.00025586721	0.000391013056531
56562.0314702	0.999879029929	0.000390942917752
56562.1145708	0.999999751344	0.000368611068491
56562.1976713	1.00001382843	0.000390981431869
56562.2807718	1.00061844135	0.000391108401979
56562.3638724	0.999978578321	0.000390992544982
56562.4469729	0.999604626559	0.000390929311732
56562.5300735	0.99991770557	0.000390996095959
56562.613174	1.00048538161	0.000368744913389
56562.6962746	1.00017939994	0.000391059453589
56562.7793751	1.00036842047	0.000391103222069
56562.8624757	0.99986507489	0.000391009499751
56562.9455762	1.00033819081	0.000391105195236
56563.0286767	1.00016399304	0.000368706520759
56563.1117773	1.00044693409	0.000391129495039
56563.1948778	0.999830630531	0.000391010878055
56563.2779784	0.999991946824	0.000391046826723
56563.3610789	0.999857734564	0.000391024796023
56563.4441795	1.00001151764	0.000391058952957
56563.52728	1.00011238149	0.000368714000737
56563.6103805	0.999536067399	0.000390967830187
56563.6934811	1.00027350305	0.000391113910966
56563.7765816	1.00007439589	0.000391078568741
56563.8596822	0.99912779758	0.000390899518052
56563.9427827	1.00031416359	0.000391133494808
56564.0258833	0.999849413679	0.000368679995545
56564.1089838	0.999811019826	0.00039103867719
56564.1920844	0.9999308188	0.000391067520352
56564.2751849	0.99953493091	0.000390996334581
56564.3582854	0.999581228034	0.000391010995426
56564.441386	0.99983392127	0.000391066355735
56564.5244865	0.999682887009	0.000368678671176
56564.6075871	0.999833226981	0.000391077486668
56564.6906876	1.00040701061	0.000391193770746
56564.7737882	0.999809153372	0.000391081254398
56564.8568887	0.999124691879	0.000390951774694
56564.9399892	0.999702649466	0.000368701239885
56565.0230898	0.999817270428	0.000391089207353
56565.1061903	0.999773293497	0.000391079204161
56565.1892909	0.999863735144	0.000391096173875
56565.2723914	0.999917554518	0.000391106527712
56565.355492	0.999040855056	0.000390936122382
56565.4385925	1.00043911318	0.000368835197114
56565.5216931	0.999912335859	0.000391104114284
56565.6047936	1.00014277785	0.000391148634423
56565.6878941	1.00013681607	0.00039114865882
56565.7709947	1.00026151482	0.000391179945427
56565.8540952	0.999860740764	0.000391109291605
56565.9371958	1.00074565362	0.000368916818305
56566.0202963	1.00039809301	0.0003912379659
56566.1033969	0.999377971991	0.000391049101864
56566.1864974	0.999701685787	0.000391122189252
56566.269598	0.999234477424	0.000391037952624
56566.3526985	0.999611928329	0.000391120996008
56566.435799	0.999522755805	0.000368742335469
56566.5188996	0.999663964747	0.000391140175234
56566.6020001	0.999557121102	0.000391121133186
56566.6851007	0.999418418294	0.000391098670676
56566.7682012	1.0003925967	0.000391291204673
56566.8513018	0.999529991958	0.000368764748884
56566.9344023	1.00011589661	0.000391274831463
56567.0175028	0.999906227169	0.000391236077242
56567.1006034	1.00037446395	0.000391340760908
56567.1837039	1.00024575529	0.000391329907756
56567.2668045	0.999386412748	0.000391160291714
56567.349905	1.00012256558	0.000368931248991
56567.4330056	0.999507743827	0.000391198777577
56567.5161061	1.00030506051	0.000391363796394
56567.5992067	0.999644341084	0.000391243651571
56567.6823072	0.999901504938	0.000391302392178
56567.7654077	1.00024380162	0.000391378784145
56567.8485083	0.999754097431	0.000368914452711
56567.9316088	0.999961750158	0.000391341142417
56568.0147094	0.999445809409	0.000391250488239
56568.0978099	0.999699936565	0.000391308432722
56568.1809105	0.999974564388	0.000391371741582
56568.264011	0.999606268119	0.000368930741802
56568.3471116	1.00034209813	0.000391463995995
56568.4302121	0.999895969758	0.000391385701299
56568.5133126	0.999423712703	0.000391301981994
56568.5964132	1.00005184897	0.000391432780601
56568.6795137	1.00020978013	0.000391472798088
56568.7626143	0.999487151053	0.000368959846672
56568.8457148	0.999773552375	0.000391407393884
56568.9288154	1.0003486508	0.000391529436415
56569.0119159	1.00046280774	0.000391560761064
56569.0950164	1.00027359868	0.000391531663292
56569.178117	1.00000277558	0.000391486002746
56569.2612175	1.0001618756	0.000369133203251
56569.3443181	1.00016115069	0.000391533334683
56569.4274186	0.999451998234	0.000391403836691
56569.5105192	0.999548441627	0.000391430160022
56569.5936197	0.999650815727	0.000391459094481
56569.6767203	0.999902164611	0.00036912464217
56569.7598208	0.99950801111	0.000391447498979
56569.8429213	1.00020223552	0.000391592734992
56569.9260219	0.999867882803	0.000391536792247
56570.0091224	0.99987860667	0.000391548476511
56570.092223	0.999432730461	0.000391467724809
56570.1753235	1.00018296027	0.000369222921962
56570.2584241	0.999772907885	0.000391545176696
56570.3415246	0.999939025897	0.00039158711404
56570.4246251	1.00025774065	0.000391656839627
56570.5077257	0.999839802295	0.000391580831594
56570.5908262	1.00058478139	0.000391732729375
56570.6739268	0.999742137659	0.000369176741232
56570.7570273	0.999306452794	0.000391490362539
56570.8401279	1.0002080678	0.000391669600697
56570.9232284	0.999822155581	0.000391596992319
56571.006329	0.999464521055	0.000391528385199
56571.0894295	0.999997754096	0.000369234638173
56571.17253	0.999769916598	0.00039159791037
56571.2556306	1.00041348148	0.000391718138451
56571.3387311	1.00019712646	0.000391671310508
56571.4218317	1.0005044622	0.000391734132414
56571.5049322	0.999966317749	0.000391634175353
56571.5880328	0.999878750538	0.000369226878243
56571.6711333	1.00069431623	0.000391786498727
56571.7542339	0.999926571996	0.000391642475052
56571.8373344	1.00002674888	0.000391670353009
56571.9204349	1.00020244634	0.000391711447759
56572.0035355	1.00014687958	0.000391703252182
56572.086636	0.999171306734	0.000369124672963
56572.1697366	0.999251084879	0.000391534235013
56572.2528371	1.00028383812	0.000391742676843
56572.3359377	0.998986651772	0.000391495110228
56572.4190382	0.999981016469	0.000391698636199
56572.5021387	0.999696286044	0.00036925110374
56572.5852393	1.0001087005	0.000391740524899
56572.6683398	1.00024627748	0.000391774270728
56572.7514404	0.999859781885	0.000391705363869
56572.8345409	0.999964782161	0.000391731239077
56572.9176415	1.00027750187	0.000391797926528
56573.000742	0.999837585621	0.000369311247178
56573.0838426	0.999878786844	0.000391721191889
56573.1669431	1.00049310561	0.0003918442136
56573.2500436	1.000301497	0.000391809440988
56573.3331442	1.00040155715	0.000391831413187
56573.4162447	0.999737786493	0.000391701595577
56573.4993453	1.00011824994	0.000369370316766
56573.5824458	0.999363227059	0.00039162608793
56573.6655464	1.00042828674	0.000391832161099
56573.7486469	0.999637906315	0.000391677496044
56573.8317475	0.99976029949	0.000391700855034
56573.914848	1.00088140185	0.000369510439747
56573.9979485	1.00102744223	0.000391955872566
56574.0810491	1.00015228739	0.000391787509021
56574.1641496	1.00086243188	0.000391932393554
56574.2472502	1.0003829901	0.000391843948096
56574.3303507	0.999418282546	0.00039166391213
56574.4134513	1.00028935566	0.000369429182415
56574.4965518	1.00005870874	0.000391802711263
56574.5796523	1.00060819553	0.000391917072912
56574.6627529	1.00064174629	0.000391932077156
56574.7458534	0.999614710173	0.000391741195515
56574.828954	0.999591869197	0.000369343458884
56574.9120545	1.00063987594	0.000391963917477
56574.9951551	1.00017436179	0.000391886740793
56575.0782556	1.00040641718	0.000391945614016
56575.1613562	1.00033190476	0.000391944041647
56575.2444567	0.999886760674	0.000391869823396
56575.3275572	0.999307110968	0.000369363622741
56575.4106578	0.999961559955	0.000391908290737
56575.4937583	0.999619703093	0.000391847775387
56575.5768589	0.999691590988	0.000391870486777
56575.6599594	1.00015827667	0.000391968269028
56575.74306	1.00020875063	0.000369563088572
56575.8261605	1.00015209683	0.000391975590235
56575.9092611	1.0008344091	0.000392129821729
56575.9923616	1.00026558136	0.000392012169768
56576.0754621	1.00074602792	0.000392102457036
56576.1585627	1.00029973754	0.000392012537391
56576.2416632	0.999353564912	0.000369410664438
56576.3247638	1.00028092891	0.000391998239225
56576.4078643	1.00031092452	0.000392006504585
56576.4909649	1.00009491627	0.00039196884678
56576.5740654	1.00090141239	0.000392132571592
56576.6571659	1.00014148558	0.000391988446506
56576.7402665	1.00089799362	0.000369715625224
56576.823367	0.999617948147	0.00039190107787
56576.9064676	0.999336954104	0.000391855614574
56576.9895681	0.999415547915	0.000391879211006
56577.0726687	1.00081142736	0.000392160030221
56577.1557692	0.999776247536	0.000369549984112
56577.2388698	1.00036595573	0.000392089495835
56577.3219703	0.999771088347	0.000391983547564
56577.4050708	0.999584768172	0.000391958209618
56577.4881714	1.00095007639	0.000392234299075
56577.5712719	0.99990344868	0.000392037505198
56577.6543725	0.999912758505	0.000369627263104
56577.737473	1.00009748823	0.000392092876115
56577.8205736	0.999476425642	0.000391978627481
56577.9036741	1.0005425752	0.000392195132646
56577.9867746	1.00018873055	0.000392131053321
56578.0698752	1.00015283575	0.000369702942962
56578.1529757	1.0000464018	0.000392113800336
56578.2360763	1.00033168182	0.000392179541226
56578.3191768	1.00030626428	0.000392181992122
56578.4022774	1.0006258439	0.000392254181054
56578.4853779	1.00015660237	0.000392169229102
56578.5684785	1.0002455931	0.000369765221814
56578.651579	0.999656416176	0.000392085244096
56578.7346795	1.00042613631	0.000392242261121
56578.8177801	0.999817695728	0.000392131321522
56578.9008806	1.00059925044	0.000392293494685
56578.9839812	1.0002310448	0.000369797042187
56579.0670817	0.999860728679	0.000392161784229
56579.1501823	0.999532184555	0.000392102701311
56579.2332828	1.00050597322	0.000392298749854
56579.3163834	1.00001710171	0.00039220965087
56579.3994839	0.999857445886	0.00039218760562
56579.4825844	1.00003887531	0.000369799841953
56579.565685	0.999735245863	0.000392181059633
56579.6487855	0.999870058761	0.000392214150635
56579.7318861	1.00021869728	0.000392288776207
56579.8149866	1.00015390935	0.000392282083535
56579.8980872	0.999988062537	0.000369825713134
56579.9811877	1.00000235835	0.000392268180493
56580.0642882	1.00003676613	0.000392280791548
56580.1473888	1.0004798623	0.000392372590779
56580.2304893	1.00050023871	0.000392381856549
56580.3135899	1.0000545517	0.000392303812672
56580.3966904	0.99938718976	0.000369752323795
56580.479791	1.00080087711	0.00039246817675
56580.5628915	0.999097807075	0.00039213969689
56580.6459921	1.00006547297	0.000392335675279
56580.7290926	1.00018098409	0.000392363799924
56580.8121931	0.999685242797	0.000392273675176
56580.8952937	1.00007654315	0.000369919890713
56580.9783942	1.00032266477	0.000392413292794
56581.0614948	1.00009460455	0.000392373845449
56581.1445953	1.00060623223	0.000392475252338
56581.2276959	0.999945283182	0.000392348149522
56581.3107964	1.00040867948	0.00036999951602
56581.393897	0.99958315264	0.000392285422543
56581.4769975	1.00049268908	0.000392468467641
56581.560098	0.999824264013	0.000392338792423
56581.6431986	1.00030721369	0.000392435921144
56581.7262991	0.999902948451	0.000392359038032
56581.8093997	0.999870920503	0.000369915577774
56581.8925002	1.0005767873	0.000392496236193
56581.9756008	1.00040130889	0.00039246655215
56582.0587013	0.999089324533	0.000392212681013
56582.1418018	0.999739722929	0.000392347325033
56582.2249024	0.999869780468	0.00036993909702
56582.3080029	1.00015917841	0.000392445476491
56582.3911035	0.999920690472	0.00039240408205
56582.474204	0.999468339368	0.000392319528084
56582.5573046	1.00059997402	0.000392549388442
56582.6404051	0.999443930608	0.00039232952539
56582.7235057	0.999943297362	0.000369991153481
56582.8066062	1.00007449718	0.000392468920201
56582.8897067	1.00008665805	0.000392479181821
56582.9728073	0.999659656607	0.000392400749284
56583.0559078	1.00067149443	0.000392604787098
56583.1390084	1.00006162868	0.000370041212025
56583.2221089	1.00040273049	0.000392557549848
56583.3052095	0.999922775987	0.000392469655796
56583.38831	1.00012945674	0.000392515037866
56583.4714105	0.999500081354	0.000392399033457
56583.5545111	1.00092286988	0.000392683850583
56583.6376116	0.999442307128	0.000369955579669
56583.7207122	1.00066966374	0.000392644071452
56583.8038127	1.00048565964	0.000392616438358
56583.8869133	0.999839696784	0.000392499554956
56583.9700138	1.00044063236	0.000392625906631
56584.0531144	1.00040714951	0.00037017094249
56584.1362149	1.00013896409	0.000392577206848
56584.2193154	1.00016146273	0.000392585596079
56584.302416	0.999598397895	0.000392479400577
56584.3855165	1.00017014041	0.000392596448188
56584.4686171	0.999805341057	0.000392526992548
56584.5517176	1.00021124552	0.000370156331945
56584.6348182	1.00042983877	0.000392656333141
56584.7179187	0.99992883473	0.00039256086412
56584.8010193	0.999315288156	0.00039244333145
56584.8841198	1.00078299788	0.000392735607671
56584.9672203	0.999873912317	0.000370107692741
56585.0503209	1.00006186612	0.000392596712907
56585.1334214	0.999774980649	0.000392542469318
56585.216522	0.999927371293	0.000392575939782
56585.2996225	1.00067589565	0.000392726157288
56585.3827231	0.999948471925	0.000392587871321
56585.4658236	0.999932895187	0.000370137845792
56585.5489241	1.00076230438	0.00039275895756
56585.6320247	0.999943559763	0.000392600865053
56585.7151252	0.999572957109	0.000392533698781
56585.7982258	1.00032393355	0.000392687853258
56585.8813263	0.999940896037	0.000392641219732
56585.9644269	1.00059457874	0.000392777714827
56586.0475274	1.00051313267	0.000370305666606
56586.130628	0.999891191633	0.0003926476139
56586.2137285	0.999986082341	0.00039267053222
56586.296829	0.999191049796	0.000392525855394
56586.3799296	0.999873543114	0.000392670444353
56586.4630301	0.999616744607	0.00039262787128
56586.5461307	0.999885427047	0.000370228727795
56586.6292312	0.999864345352	0.00039268749181
56586.7123318	1.0002599174	0.000392768215578
56586.7954323	0.999933288674	0.000392707991609
56586.8785329	0.999716084926	0.00039266970944
56586.9616334	0.99977867804	0.000370229419176
56587.0447339	0.99987803332	0.000392710834015
56587.1278345	0.999771576942	0.000392694080727
56587.210935	0.999788959261	0.000392706193125
56587.2940356	1.00014960027	0.000392782702807
56587.3771361	0.999250113224	0.000392609711075
56587.4602367	1.00049532471	0.000370391557249
56587.5433372	1.0005897166	0.000392883774053
56587.6264377	1.00023218207	0.000392820138949
56587.7095383	0.999757906537	0.000392734851309
56587.7926388	1.0004709412	0.000392882994405
56587.8757394	1.00061210527	0.000370444734912
56587.9588399	1.00016134913	0.000392832007202
56588.0419405	1.00044060332	0.000392890660742
56588.125041	0.999972224188	0.000392799302725
56588.2081416	1.00027515176	0.000392861843417
56588.2912421	0.999735560761	0.00039276528152
56588.3743426	1.00033651237	0.000370424931151
56588.4574432	0.999957689854	0.000392829673505
56588.5405437	0.999645303096	0.000392774798656
56588.6236443	1.00015726503	0.000392881671325
56588.7067448	0.999887206627	0.000392834468525
56588.7898454	1.00008204021	0.000370409884242
56588.8729459	0.999781268324	0.000392824837937
56588.9560465	1.00003967818	0.000392881582757
56589.039147	0.999723049487	0.00039282948399
56589.1222475	1.00035179658	0.000392962480159
56589.2053481	1.00015860201	0.000392934856441
56589.2884486	0.999778199085	0.000370401267619
56589.3715492	1.00031539964	0.000392983472723
56589.4546497	1.00013445039	0.000392956996867
56589.5377503	1.00060964731	0.000393056648146
56589.6208508	1.00011427035	0.000392967501888
56589.7039513	1.00026741874	0.000370528274223
56589.7870519	0.999588347057	0.000392877884066
56589.8701524	1.00023166596	0.000393021940337
56589.953253	1.0000080865	0.000392999186147
56590.0363535	1.000619139	0.000393125544256
56590.1194541	0.999341977925	0.000392880789298
56590.2025546	0.999211665339	0.000370388960705
56590.2856552	0.999679982224	0.000392940193473
56590.3687557	1.00002343199	0.000393009170091
56590.4518562	0.999886074231	0.000392984642214
56590.5349568	1.00002993724	0.00039301138845
56590.6180573	1.00001607006	0.00037052473736
56590.7011579	1.00008855529	0.000393008840437
56590.7842584	1.00014080107	0.000393017291074
56590.867359	0.999322239465	0.000392858980396
56590.9504595	0.99997891031	0.000392989942719
56591.03356	0.999443587767	0.000392889319715
56591.1166606	1.00055799527	0.00037062815889
56591.1997611	1.00065601512	0.000393136479936
56591.2828617	0.999873812586	0.000392990894027
56591.3659622	1.00000310748	0.000393028335201
56591.4490628	0.999450826124	0.000392932519073
56591.5321633	0.999805277515	0.000370536204876
56591.6152639	0.999937217628	0.000393049677321
56591.6983644	0.999834096479	0.000393040091549
56591.7814649	1.00016562323	0.000393118860423
56591.8645655	0.99950927639	0.000392999715553
56591.947666	0.999617057738	0.000370553920485
56592.0307666	1.00015537988	0.000393144916027
56592.1138671	1.00009239599	0.000393137032366
56592.1969677	0.999905672359	0.000393103606582
56592.2800682	1.00037933001	0.000393203494197
56592.3631688	0.999795592067	0.000393109209471
56592.4462693	0.99961225851	0.000370595063652
56592.5293698	1.00032217877	0.000393217499963
56592.6124704	1.00021524214	0.000393199744398
56592.6955709	0.999592904403	0.000393080489756
56592.7786715	0.999735322977	0.000393113791601
56592.861772	0.999936611495	0.000370671434653
56592.9448726	1.00053489172	0.00039328000142
56593.0279731	1.0002991378	0.000393226641395
56593.1110736	0.999980136559	0.000393155218169
56593.1941742	0.999862113128	0.000393136562408
56593.2772747	0.999795204922	0.000393130515503
56593.3603753	0.999283607476	0.000370558841223
56593.4434758	1.00000472501	0.000393186103462
56593.5265764	0.999451488304	0.000393087286208
56593.6096769	1.00012060723	0.000393228656431
56593.6927775	0.999880613173	0.000393192672385
56593.775878	1.00032527232	0.00037080172031
56593.8589785	0.999961330422	0.000393242098307
56593.9420791	0.999374402799	0.000393145363337
56594.0251796	0.998886266641	0.000393059237102
56594.1082802	1.00052068706	0.000393389245381
56594.1913807	0.999309076389	0.000393160156293
56594.2744813	0.999857335231	0.00037078704712
56594.3575818	0.999561930502	0.0003932300565
56594.4406824	1.00010722381	0.000393344406013
56594.5237829	0.999093068923	0.000393151185243
56594.6068834	1.00007115138	0.000393346600083
56594.689984	0.999187118609	0.00037069260127
56594.7730845	1.00010438388	0.000393362687805
56594.8561851	0.999689847791	0.00039328632665
56594.9392856	1.00006668376	0.000393362202794
56595.0223862	0.999672765524	0.000393281694133
56595.1054867	1.00059679925	0.000393459847584
56595.1885872	0.999888126736	0.000370823932507
56595.2716878	0.999612104868	0.000393263328702
56595.3547883	0.999632894534	0.000393268309606
56595.4378889	0.999699383659	0.000393280623386
56595.5209894	1.00024613087	0.000393384454644
56595.60409	0.99988816761	0.000370818518244
56595.6871905	0.999834257272	0.000393299521692
56595.7702911	1.00011967354	0.000393355808436
56595.8533916	0.9999025639	0.000393315052101
56595.9364921	0.999564168146	0.000393251182339
56596.0195927	0.999910430625	0.000393321269233
56596.1026932	0.999660284002	0.000370780120971
56596.1857938	0.999532568173	0.000393246962882
56596.2688943	0.999656827311	0.000393275747908
56596.3519949	0.999721365413	0.000393293329505
56596.4350954	0.999510574381	0.000393255646963
56596.518196	1.00011593199	0.000370882435463
56596.6012965	0.999510445125	0.000393269159607
56596.684397	1.00070494307	0.00039351149036
56596.7674976	1.00029320637	0.00039343815097
56596.8505981	0.999972686344	0.000393389605755
56596.9336987	1.00006734458	0.000370921589281
56597.0167992	1.00012050318	0.00039342532598
56597.0998998	1.00055495149	0.000393515958409
56597.1830003	1.00056554186	0.000393520150675
56597.2661008	1.00057105088	0.000393525469285
56597.3492014	0.999775317305	0.000393373757388
56597.4323019	1.0001929316	0.000370955866306
56597.5154025	1.00025207571	0.000393472047169
56597.598503	1.00014520398	0.000393453206976
56597.6816036	0.999785815914	0.000393388115061
56597.7647041	0.99981474136	0.000393398269859
56597.8478047	0.999998511462	0.000370942428705
56597.9309052	1.00029269407	0.000393507881235
56598.0140057	1.00040368426	0.000393537354372
56598.0971063	1.00014937092	0.000393495232661
56598.1802068	1.00031872124	0.000393541922418
56598.2633074	1.0001740954	0.000393524263456
56598.3464079	1.00038448428	0.000371069516751
56598.4295085	0.999736833556	0.000393461077981
56598.512609	1.00102779105	0.000393724958785
56598.5957095	1.00041249997	0.000393612681063
56598.6788101	1.00056876584	0.000393650601298
56598.7619106	1.00005575021	0.000371050861212
56598.8450112	0.999679443028	0.000393491407222
56598.9281117	0.999949308463	0.000393552595573
56599.0112123	0.99971424201	0.000393512117745
56599.0943128	0.999847046333	0.0003935420619
56599.1774134	1.00008529675	0.000371085575949
56599.2605139	0.999275748384	0.000393443910327
56599.3436144	1.00020352306	0.000393631654097
56599.426715	1.00037240221	0.000393671416794
56599.5098155	1.00021281544	0.000393646885169
56599.5929161	1.00011393301	0.000393633935146
56599.6760166	0.999829234426	0.000371072386308
56599.7591172	0.999201727585	0.000393460547987
56599.8422177	0.999910405685	0.000393603212244
56599.9253183	1.00034331593	0.000393692877101
56600.0084188	0.999667186361	0.00039356072525
56600.0915193	0.99998137935	0.000371111590871
56600.1746199	1.0000769291	0.000393642876084
56600.2577204	1.00011808758	0.000393654622862
56600.340821	0.999921042582	0.000393620487916
56600.4239215	0.999188645879	0.000393482740075
56600.5070221	1.00043680339	0.000352167225056
56600.5901226	1.00010984765	0.000335731587842
56600.6732231	0.999888782694	0.000393646847694
56600.7563237	0.999507485562	0.000393581873262
56600.8394242	1.00008941671	0.000393707477537
56600.9225248	0.99993529807	0.000371172157867
56601.0056253	1.00044229255	0.00039379694219
56601.0887259	1.00090197703	0.000393894662318
56601.1718264	0.998947289746	0.000393522787147
56601.254927	1.00008088267	0.000393769093207
56601.3380275	0.999671501866	0.000393693796883
56601.421128	1.00023764718	0.000371293501527
56601.5042286	1.00063749177	0.000393902424314
56601.5873291	1.00048975639	0.0003938798501
56601.6704297	1.00027430396	0.000393843964536
56601.7535302	1.00012420968	0.000393820646784
56601.8366308	1.00136043867	0.000371536646062
56601.9197313	0.999836674506	0.0003937809272
56602.0028319	1.00167240333	0.000394148058945
56602.0859324	1.00055966825	0.000393932523193
56602.1690329	1.00061686958	0.000393950017006
56602.2521335	1.00042672641	0.000371384724565
56602.335234	0.999922016919	0.000393806736146
56602.4183346	0.99969494558	0.00039376446097
56602.5014351	1.00059858881	0.000393945510349
56602.5845357	1.00053619562	0.000393935496471
56602.6676362	1.00034685929	0.000393901875397
56602.7507367	1.0003912648	0.000371384835997
56602.8338373	1.0003929995	0.000393918574347
56602.9169378	1.00063908838	0.000393972107332
56603.0000384	1.00057571905	0.00039396489891
56603.0831389	1.00035148053	0.000393922838098
56603.1662395	0.99975366745	0.000371288498527
56603.24934	0.999604287343	0.0003937868908
56603.3324406	0.999382770849	0.000393748855734
56603.4155411	1.00067917566	0.000394010672018
56603.4986416	1.00027374454	0.000393938814452
56603.5817422	1.00006240057	0.00037137605687
56603.6648427	1.00003306341	0.00039390665073
56603.7479433	0.999355634769	0.000393781440868
56603.8310438	0.999946019971	0.0003939059551
56603.9141444	1.00001673041	0.000393949770041
56603.9972449	0.999362547297	0.000393824735297
56604.0803454	0.999369919201	0.000371309949322
56604.163446	1.00021556885	0.000394007869661
56604.2465465	0.999851069734	0.000393935446664
56604.3296471	0.999973400803	0.000393963373797
56604.4127476	1.00059544663	0.000394091494901
56604.4958482	0.998966002494	0.000371256107773
56604.5789487	1.00019506348	0.000394021939215
56604.6620493	0.999379948963	0.000393866527603
56604.7451498	1.00017081972	0.000394025185671
56604.8282503	1.00037744083	0.000394065958305
56604.9113509	0.999274044106	0.000371322954803
56604.9944514	0.999578322539	0.000393904703212
56605.077552	0.999440331176	0.00039387424168
56605.1606525	0.999242751973	0.000393830218637
56605.2437531	1.00013604196	0.000394003868442
56605.3268536	0.999601558823	0.000371373120992
56605.4099542	0.999192061816	0.000393822143182
56605.4930547	0.999478790642	0.000393884574314
56605.5761552	0.99972941202	0.000393943208107
56605.6592558	1.00001008137	0.000394008815303
56605.7423563	0.999578631543	0.000393932813041
56605.8254569	0.999719483086	0.000371438663593
56605.9085574	1.00018005777	0.000394069790849
56605.991658	0.999859542058	0.000394017872747
56606.0747585	1.00043657568	0.000394152879843
56606.157859	0.999745797905	0.000394031717972
56606.2409596	0.999645442429	0.000371482535198
56606.3240601	1.00039740261	0.000394170481818
56606.4071607	0.999638284771	0.000394028855417
56606.4902612	0.999856684245	0.000394077712666
56606.5733618	1.00049607599	0.0003942121657
56606.6564623	1.00016294429	0.000371612269912
56606.7395629	0.999808128979	0.000394092758356
56606.8226634	0.999369904115	0.000394015422942
56606.9057639	1.00027226496	0.000394204224561
56606.9888645	0.999823450559	0.000394125835495
56607.071965	1.00005327521	0.000394179661424
56607.1550656	1.00066877149	0.000371760195775
56607.2381661	0.999647763633	0.000394120671022
56607.3212667	1.00026425622	0.000394253096354
56607.4043672	0.999671023459	0.000394146275677
56607.4874678	0.999940789064	0.000394206787905
56607.5705683	0.999513721112	0.000371588309151
56607.6536688	1.00050592238	0.000394333406499
56607.7367694	1.00027041791	0.000394293982194
56607.8198699	0.999870535757	0.000394220309505
56607.9029705	0.998911894097	0.000394037694204
56607.986071	0.999984767344	0.000371706020369
56608.0691716	1.00002692432	0.000394263351519
56608.1522721	0.999194898125	0.000394103492202
56608.2353726	1.000748135	0.000394415234036
56608.3184732	0.99994193737	0.000394262685254
56608.4015737	1.00014953446	0.000371758368242
56608.4846743	0.999520140679	0.000394190190778
56608.5677748	0.999748938196	0.000394239797907
56608.6508754	0.999352527348	0.000394166121989
56608.7339759	0.999184383952	0.000394138435728
56608.8170765	0.99938156912	0.000394183700602
56608.900177	0.999933967779	0.000371747660864
56608.9832775	0.999866642402	0.00039429362859
56609.0663781	1.00014386783	0.000394362946405
56609.1494786	0.999816908012	0.000394298189372
56609.2325792	1.00015418707	0.000394368034529
56609.3156797	0.999944046599	0.000371780260401
56609.3987803	0.999901200635	0.000394328921905
56609.4818808	0.999832748222	0.000394318525688
56609.5649814	0.999498851125	0.00039425575952
56609.6480819	0.999769484905	0.000394308641719
56609.7311824	1.0004220602	0.000371879012102
56609.814283	1.00052516245	0.00039445823662
56609.8973835	0.9996573815	0.000394287825512
56609.9804841	1.00017375874	0.000394389469314
56610.0635846	1.00006368494	0.000394369716473
56610.1466852	0.999612823667	0.000371736818715
56610.2297857	0.999999040651	0.000394364303521
56610.3128862	1.0001965088	0.000394408365341
56610.3959868	1.0010737112	0.000421833749742
56610.4790873	0.99973672758	0.000394332740066
56610.5621879	0.99949554608	0.000394294131774
56610.6452884	1.00043876887	0.000371924706527
56610.728389	1.00043083033	0.000394488747325
56610.8114895	1.00107097208	0.000394620945092
56610.8945901	0.999450560942	0.000394307167086
56610.9776906	1.00028831562	0.000394478788736
56611.0607911	0.999745428217	0.000371821710806
56611.1438917	0.999486636341	0.000394331418846
56611.2269922	1.00024304724	0.000394485449495
56611.3100928	0.999625160347	0.000394369409796
56611.3931933	1.00020469114	0.000421727676083
56611.4762939	0.998645548021	0.000371644160217
56611.5593944	0.999763825361	0.000394414139026
56611.6424949	0.999613815625	0.000394386432992
56611.7255955	1.00006655693	0.000394477213034
56611.808696	0.999868801789	0.000394440209236
56611.8917966	0.999941796957	0.000371896877354
56611.9748971	1.00018752239	0.000394506850033
56612.0579977	0.999835359437	0.000394436775973
56612.1410982	0.999982203294	0.000394464235849
56612.2241988	1.00013109321	0.000394492034138
56612.3072993	0.999970488506	0.000394460204606
56612.3903998	0.999969852416	0.00037190008078
56612.4735004	1.00004570088	0.000394475762651
56612.5566009	1.00033900803	0.000394536606268
56612.6397015	1.00049077539	0.000394571563059
56612.722802	1.00049202275	0.000394577165347
56612.8059026	1.00006578978	0.00037193685045
56612.8890031	0.999746969748	0.000394441364741
56612.9721037	0.999434201922	0.000394385079566
56613.0552042	1.0004128397	0.000394579886053
56613.1383047	1.00009988198	0.000394521593215
56613.2214053	1.00021246125	0.000371984280502
56613.3045058	1.00038759621	0.000394589807168
56613.3876064	0.99972582767	0.000394465776861
56613.4707069	1.00032620314	0.0003945936648
56613.5538075	0.999781073269	0.000394495926956
56613.636908	1.00050437695	0.000372079272792
56613.7200085	1.0008482728	0.000394727944006
56613.8031091	0.99993700263	0.000394562653695
56613.8862096	0.999291247075	0.000394447479968
56613.9693102	0.999504643764	0.000394500568141
56614.0524107	1.0002887046	0.000394663682638
56614.1355113	1.00028926623	0.000372099535675
56614.2186118	1.00007927887	0.000394640614612
56614.3017124	1.00071297858	0.000394776238249
56614.3848129	1.00008456941	0.000394659833822
56614.4679134	0.999995941771	0.000394651568896
56614.551014	0.999747829474	0.000372041463541
56614.6341145	0.999960946839	0.000394657753242
56614.7172151	0.999741054604	0.000394622612017
56614.8003156	1.0004439107	0.000394770887965
56614.8834162	1.00005650722	0.000394703599972
56614.9665167	1.00031044463	0.000372206446982
56615.0496173	0.999703211386	0.000394662982936
56615.1327178	0.999307890044	0.000394589319466
56615.2158183	0.99996784758	0.000394726791954
56615.2989189	0.999898702213	0.00039471895098
56615.3820194	0.999967529131	0.000372162247348
56615.46512	0.999507042168	0.00039465180223
56615.5482205	0.999670310102	0.000394692925624
56615.6313211	1.00090221476	0.00039494457044
56615.7144216	1.00042651349	0.000394861069562
56615.7975221	1.00020807243	0.000394828136471
56615.8806227	1.00027371686	0.000372266564569
56615.9637232	1.00089408507	0.000394978124307
56616.0468238	1.00049193438	0.000394904820559
56616.1299243	1.00064434201	0.000394937948957
56616.2130249	1.00061600995	0.000394939277305
56616.2961254	0.999841816103	0.000372203345481
56616.379226	1.00019056696	0.000394852042578
56616.4623265	1.00049182386	0.000394911265927
56616.545427	1.00065216327	0.00039494344689
56616.6285276	0.999551238486	0.000394727543308
56616.7116281	1.00012004758	0.000372263412474
56616.7947287	1.00020896338	0.000394868123737
56616.8778292	1.00042306615	0.000394918928267
56616.9609298	0.999616613347	0.000394765548635
56617.0440303	0.999936725041	0.000394836374054
56617.1271308	0.999920291665	0.000372260803858
56617.2102314	0.999981676113	0.000394865757041
56617.2933319	1.00027402922	0.000394935688447
56617.3764325	1.00038156693	0.000394966434438
56617.459533	0.999254596955	0.000394753981065
56617.5426336	1.00052004378	0.000372422605215
56617.6257341	0.999795859291	0.000394879229486
56617.7088347	1.00001261712	0.000394930487662
56617.7919352	1.00022919959	0.000394983130046
56617.8750357	0.999689179298	0.000394884739638
56617.9581363	0.999696405881	0.000394893073886
56618.0412368	0.999767253114	0.000372323638925
56618.1243374	1.00005440924	0.0003949702616
56618.2074379	1.00043547679	0.000395051735218
56618.2905385	0.999438935641	0.000394857468506
56618.373639	1.00014373972	0.000395002202582
56618.4567396	1.00002374875	0.000372394053775
56618.5398401	0.999610357142	0.000394911427605
56618.6229406	1.00031766844	0.000395059064225
56618.7060412	1.00001523309	0.000395008013821
56618.7891417	0.999860050463	0.000394987329293
56618.8722423	0.999898934273	0.000372413669712
56618.9553428	1.00005952483	0.000395045256179
56619.0384434	0.999845899382	0.00039501156709
56619.1215439	1.00024582494	0.0003950981639
56619.2046444	0.999700270475	0.000394995758796
56619.287745	1.00029584426	0.000372525934544
56619.3708455	1.00059535983	0.000395192256362
56619.4539461	0.999337739728	0.000394953907037
56619.5370466	1.00000979477	0.000395097490207
56619.6201472	1.00052864695	0.000395210351617
56619.7032477	0.999904731029	0.00037250121432
56619.7863483	0.999788833683	0.000395084532144
56619.8694488	1.00043798121	0.000395220619164
56619.9525493	1.00077349331	0.000395292068436
56620.0356499	1.00016621876	0.000395196838158
56620.1187504	0.999714154955	0.000395105149076
56620.201851	0.99926332741	0.000372423774766
56620.2849515	0.999899212908	0.000395133107912
56620.3680521	0.999971266374	0.000395147180539
56620.4511526	1.0004231709	0.000395237310793
56620.5342532	0.999961228492	0.000395147391039
56620.6173537	0.999595637697	0.000372478844093
56620.7004542	0.999671047604	0.000395086809637
56620.7835548	1.00009877139	0.000395172682171
56620.8666553	0.99929933222	0.000395014076381
56620.9497559	0.999356405124	0.000395024814796
56621.0328564	0.99996781887	0.000372545322222
56621.115957	1.00008880415	0.000395165997654
56621.1990575	0.999672624583	0.000395084062003
56621.282158	0.999610842784	0.000395072862899
56621.3652586	1.00036472603	0.000395225406121
56621.4483591	0.99990482216	0.000372542592484
56621.5314597	1.00037480882	0.000395239091097
56621.6145602	0.999721837933	0.000395116102391
56621.6976608	0.999881880188	0.000395154279953
56621.7807613	1.00020772081	0.000395229734653
56621.8638619	0.999763534772	0.000372555105823
56621.9469624	1.00113341608	0.000395436026545
56622.0300629	1.00049863777	0.000395319642842
56622.1131635	1.00010484708	0.000395251451522
56622.196264	0.999982170887	0.000395237350668
56622.2793646	0.999784283385	0.000372606055002
56622.3624651	1.00010337874	0.000395281403873
56622.4455657	0.999233051536	0.000395119381083
56622.5286662	0.999551657417	0.000395192404522
56622.6117668	0.999531348268	0.000395197095427
56622.6948673	0.999881697862	0.00039527521068
56622.7779678	0.999945014435	0.000372688627334
56622.8610684	0.999924710842	0.000395299882181
56622.9441689	0.99991964834	0.000395304453012
56623.0272695	0.999652997402	0.000395257329679
56623.11037	1.00024701586	0.000395379918671
56623.1934706	0.999948537962	0.000372717365028
56623.2765711	0.999905004671	0.000395325791629
56623.3596716	0.999487677	0.000395248664363
56623.4427722	0.999864977914	0.000395328414313
56623.5258727	1.00028675205	0.000395413067179
56623.6089733	0.999789294789	0.000372706597649
56623.6920738	0.999223498429	0.000395200585634
56623.7751744	1.00008996724	0.000395367695854
56623.8582749	0.999952074761	0.000395342113415
56623.9413755	0.999395409361	0.000395235069439
56624.024476	0.999854116276	0.000372719993591
56624.1075765	1.00003648267	0.000395368020622
56624.1906771	0.999708247852	0.000395326174625
56624.2737776	1.00027165803	0.000395429096612
56624.3568782	0.999895381249	0.00039536284102
56624.4399787	1.00016507377	0.000372809394629
56624.5230793	1.00009390941	0.000395417774207
56624.6061798	1.00088069067	0.000395582674293
56624.6892803	1.00057726835	0.000395529474185
56624.7723809	1.00028435843	0.000395480308292
56624.8554814	0.999988146704	0.000372816186856
56624.938582	0.999204346716	0.000395284295768
56625.0216825	1.0001315257	0.000395474450819
56625.1047831	1.0001168836	0.000395477349577
56625.1878836	0.999850968531	0.000395432175034
56625.2709842	0.999993569756	0.000372849161598
56625.3540847	1.00021549999	0.000395514640182
56625.4371852	0.999797663307	0.000395438015449
56625.5202858	0.999841435212	0.000395448702303
56625.6033863	1.00020733968	0.00039552256222
56625.6864869	1.00086991835	0.000395654192764
56625.7695874	0.999879935817	0.00037284210585
56625.852688	0.999925743093	0.000395468163723
56625.9357885	0.999682207437	0.000395419554082
56626.0188891	1.0003881107	0.00039555983879
56626.1019896	1.00076077066	0.000395637510203
56626.1850901	1.00042460502	0.000372952940352
56626.2681907	1.00012374651	0.000395523769381
56626.3512912	1.00026718224	0.000395560504627
56626.4343918	1.00017546699	0.000395550499482
56626.5174923	0.99984566854	0.000395490802505
56626.6005929	1.00024863366	0.000372956237194
56626.6836934	1.00049112427	0.000395634109621
56626.7667939	1.00030381719	0.00039560269646
56626.8498945	1.00011866747	0.000395571740496
56626.932995	0.999341779096	0.000395425234517
56627.0160956	0.999727331399	0.00037288910119
56627.0991961	1.00041480558	0.000395653353113
56627.1822967	0.999645540104	0.000395522640837
56627.2653972	0.999999880523	0.000395596689431
56627.3484978	1.00044672959	0.000395685431597
56627.4315983	0.99980699426	0.000372941695334
56627.5146988	0.99969205842	0.000395547408052
56627.5977994	0.999957377902	0.000395609085879
56627.6808999	0.999190368445	0.000395462200968
56627.7640005	0.999368255283	0.000395501348222
56627.847101	1.00052424835	0.000373102637165
56627.9302016	0.999526802377	0.000395542853121
56628.0133021	0.999310555007	0.000395504914849
56628.0964027	0.999963621666	0.000395636541485
56628.1795032	1.00036549864	0.000395720833788
56628.2626037	1.00020786626	0.000373064682024
56628.3457043	1.00048033549	0.000395751789264
56628.4288048	1.00075448135	0.000395810536125
56628.5119054	1.00010601578	0.000395686128774
56628.5950059	0.999538065486	0.000395575112952
56628.6781065	1.00024009769	0.000373082416871
56628.761207	0.999518182225	0.000395572694515
56628.8443075	1.00026267652	0.000395721435175
56628.9274081	0.999565811207	0.000395587068586
56629.0105086	0.999365612851	0.000395548357619
56629.0936092	1.00016235075	0.000395710298219
56629.1767097	0.999884372835	0.000373035121174
56629.2598103	0.999784331193	0.000395652914249
56629.3429108	0.999797133315	0.000395663604988
56629.4260114	0.999400047467	0.000395592715495
56629.5091119	1.00030297853	0.000395781024414
56629.5922124	0.999877053166	0.000373077265998
56629.675313	0.999748929182	0.000395694685319
56629.7584135	1.00027899227	0.000395810785306
56629.8415141	1.00037152199	0.000395843545229
56629.9246146	0.999845270927	0.000395752924163
56630.0077152	1.00021427004	0.000373199810991
56630.0908157	1.00056728249	0.000395918711497
56630.1739162	0.99981563671	0.000395783579417
56630.2570168	0.999785937538	0.000395791669561
56630.3401173	0.999493967345	0.000395745996894
56630.4232179	1.000022361	0.000373222649985
56630.5063184	1.00016763504	0.000395901010381
56630.589419	1.00033062391	0.000395942210893
56630.6725195	1.00046600059	0.00039597485632
56630.7556201	1.00009929644	0.000395908519577
56630.8387206	1.00025635092	0.000373300934091
56630.9218211	1.00002571297	0.000395905885408
56631.0049217	0.999729040052	0.000395849319478
56631.0880222	1.00014534211	0.000395935498534
56631.1711228	0.999908839643	0.000395894096647
56631.2542233	1.00023590338	0.000373319333415
56631.3373239	0.999859088585	0.000395896973976
56631.4204244	0.999708931465	0.000395875627405
56631.503525	0.999436552979	0.000395827594266
56631.5866255	1.00022670786	0.000395990296113
56631.669726	0.999696368136	0.000373249150949
56631.7528266	0.999806775217	0.000395918507256
56631.8359271	1.00036025984	0.000396034866077
56631.9190277	0.999940173729	0.000395978715597
56632.0021282	1.00007364593	0.000396006199151
56632.0852288	1.00009431722	0.000373366278666
56632.1683293	1.00028928881	0.000396044818638
56632.2514298	0.999154008216	0.000395822169081
56632.3345304	1.00061086986	0.000396113689318
56632.4176309	0.999955994141	0.000395989353225
56632.5007315	0.998785661868	0.000373128740119
56632.583832	0.999447193868	0.000395899314773
56632.6669326	1.0003156506	0.000396076446463
56632.7500331	1.00063035886	0.00039614694693
56632.8331337	1.00072210146	0.000396173103983
56632.9162342	1.00023879311	0.000373435421774
56632.9993347	1.00005931586	0.000396060683584
56633.0824353	0.999726064054	0.000396004729707
56633.1655358	0.999883134956	0.000396044179386
56633.2486364	1.00035502515	0.000396146802228
56633.3317369	1.00045990269	0.000373519800379
56633.4148375	0.999777351289	0.000396052558373
56633.497938	1.00014987846	0.000396132562853
56633.5810386	1.00029504391	0.000396167017242
56633.6641391	1.00003521438	0.000396121707332
56633.7472396	1.00053201474	0.000373566703822
56633.8303402	1.0002043973	0.000396169973477
56633.9134407	0.999980463178	0.000396127821662
56633.9965413	0.999957597151	0.000396123429596
56634.0796418	1.00058883392	0.000396251025861
56634.1627424	0.999636225978	0.000373410426704
56634.2458429	0.999449025076	0.000396027663724
56634.3289434	0.999276201665	0.000395999114912
56634.412044	0.999454944371	0.000396038713914
56634.4951445	1.00056418209	0.000396261700615
56634.5782451	1.00000914706	0.00037349615704
56634.6613456	1.00050881834	0.000396251056718
56634.7444462	1.00003341387	0.000396155225616
56634.8275467	1.00004700119	0.000396158408179
56634.9106473	1.00003149198	0.00039615515745
56634.9937478	1.00076693388	0.000373635671375
56635.0768483	0.999825658368	0.000396111446231
56635.1599489	0.999569009172	0.000396059847012
56635.2430494	1.00015525309	0.000396175807704
56635.32615	1.00045166203	0.000396236894881
56635.4092505	0.999911203693	0.000373475084372
56635.4923511	1.00109638292	0.000396366363177
56635.5754516	1.00027015226	0.000396205160243
56635.6585522	0.999913195864	0.000396140776143
56635.7416527	0.999720131752	0.000396113414017
56635.8247532	1.00036943101	0.00039625306611
56635.9078538	1.00039253423	0.000373607355483
56635.9909543	0.999776945352	0.00039615795706
56636.0740549	1.00067119849	0.000396337104172
56636.1571554	1.00076893093	0.000396358693116
56636.240256	1.00004124161	0.000396214603743
56636.3233565	1.0003338651	0.00037360810223
56636.406457	0.999905656861	0.000396182569763
56636.4895576	0.999415463361	0.000396081199091
56636.5726581	1.00013219804	0.000396216511893
56636.6557587	0.999774569761	0.000396146225582
56636.7388592	1.00001996125	0.00037353848641
56636.8219598	1.00030433632	0.000396258764964
56636.9050603	1.00036786342	0.000396277714191
56636.9881609	0.999004379393	0.00039600920269
56637.0712614	1.00071068524	0.000396347535368
56637.1543619	1.00032200045	0.00037361272847
56637.2374625	1.00036079735	0.000396295143769
56637.320563	1.00061946636	0.000396359028561
56637.4036636	0.999251038959	0.00039610089318
56637.4867641	0.999927395668	0.000396251690086
56637.5698647	1.0004189763	0.000373700597627
56637.6529652	0.999917252479	0.000396291743666
56637.7360657	0.999986690817	0.000396325981276
56637.8191663	1.00016429173	0.000396379548325
56637.9022668	0.999903629485	0.000396361650132
56637.9853674	0.999891513488	0.000373690270677
56638.0684679	1.00006581257	0.00039640015421
56638.1515685	1.00017447235	0.00039642792098
56638.234669	1.00004239272	0.000396399249008
56638.3177696	1.0002420143	0.000396436544055
56638.4008701	1.00059884909	0.000373829141149
56638.4839706	0.999748825592	0.000396335276965
56638.5670712	1.00066704188	0.000396518919871
56638.6501717	1.0001231524	0.000396413462013
56638.7332723	0.999791616942	0.000396352443842
56638.8163728	0.999809976133	0.00037369356376
56638.8994734	1.00009048995	0.000396426027842
56638.9825739	0.999601359729	0.000396336369477
56639.0656745	1.00005332616	0.000396435390162
56639.148775	1.00063421494	0.000396558687636
56639.2318755	1.00012862525	0.000373791683595
56639.3149761	0.999874524562	0.000396423278385
56639.3980766	1.0004157426	0.000396538126797
56639.4811772	1.00035020739	0.000396532017501
56639.5642777	0.999842202208	0.000396439636078
56639.6473783	0.999855130912	0.000373777416177
56639.7304788	1.00044087935	0.000396573684519
56639.8135793	1.00055663446	0.000396602745779
56639.8966799	0.999928763161	0.000396484277389
56639.9797804	1.0002132547	0.000396547214405
56640.062881	1.00001193193	0.00037383618105
56640.1459815	1.00017587111	0.000396551653391
56640.2290821	1.00040565484	0.000396604496824
56640.3121826	0.999732812443	0.000396477448716
56640.3952832	1.00043179064	0.000396624333571
56640.4783837	1.00021644225	0.000373906213242
56640.5614842	0.999986663607	0.000396544678297
56640.6445848	1.00033837969	0.000396616953613
56640.7276853	0.999950516098	0.000396543715311
56640.8107859	1.00012569657	0.000396580084635
56640.8938864	0.999795338821	0.000373846192265
56640.976987	0.99983500986	0.000396545913459
56641.0600875	0.999964977514	0.000396583970901
56641.1431881	1.00057223241	0.000396703930871
56641.2262886	0.999657720531	0.000396531919062
56641.3093891	1.00037480973	0.000373995128699
56641.3924897	0.99986173576	0.000396585402126
56641.4755902	0.999475684044	0.000396509770515
56641.5586908	0.99924660338	0.000396465442769
56641.6417913	0.999600789902	0.000396535337704
56641.7248919	0.999954031026	0.00037392054399
56641.8079924	0.999805653822	0.000396573823152
56641.8910929	0.999659750055	0.000396544845215
56641.9741935	1.00031761134	0.000396676671152
56642.057294	1.00011398003	0.000396636064651
56642.1403946	1.0000097599	0.00037393150806
56642.2234951	1.00061025155	0.000396732491855
56642.3065957	0.999673119218	0.000396545650232
56642.3896962	1.00046235908	0.000396699416417
56642.4727968	1.00006166304	0.000396616041582
56642.5558973	1.00018509614	0.000373950465621
56642.6389978	0.999545865684	0.000396506599295
56642.7220984	0.999977373383	0.000396597014003
56642.8051989	0.999452217148	0.00039650084818
56642.8882995	1.00012180956	0.00039664106918
56642.9714	0.999636255884	0.000373875584354
56643.0545006	0.999355546472	0.00039650936028
56643.1376011	1.00050069104	0.000396748784839
56643.2207016	1.0000907491	0.000396677174368
56643.3038022	1.00008543973	0.000396683890515
56643.3869027	1.00050888894	0.000374084365444
56643.4700033	1.00021463297	0.000396728048626
56643.5531038	1.00030192463	0.000396750846889
56643.6362044	0.999708148732	0.000396642668975
56643.7193049	1.00004332877	0.000396720094284
56643.8024055	0.999790203462	0.000373993662195
56643.885506	0.99989854394	0.000396713286899
56643.9686065	1.0000856895	0.000396762887009
56644.0517071	1.00000983004	0.000396757672456
56644.1348076	1.0003983806	0.000396845376618
56644.2179082	1.00025957063	0.000374134481533
56644.3010087	1.00072390743	0.000396927990891
56644.3841093	1.00021394266	0.000396828147579
56644.4672098	1.00003308018	0.000396790973628
56644.5503104	0.999410503658	0.000396663540726
56644.6334109	0.99974812595	0.000374037432175
56644.7165114	1.00016830607	0.000396802155115
56644.799612	1.00008939196	0.000396776840758
56644.8827125	0.999667910897	0.000396688288712
56644.9658131	0.999970711865	0.000396755233654
56645.0489136	0.999850131623	0.000374047442834
56645.1320142	0.99946872842	0.000396672715796
56645.2151147	1.00107506065	0.000397002254041
56645.2982152	0.999765938042	0.000396754262163
56645.3813158	0.999494242961	0.000396713855216
56645.4644163	0.99997774659	0.00037413476216
56645.5475169	1.00006770209	0.000396867813249
56645.6306174	1.00008423914	0.00039688865881
56645.713718	1.00063586061	0.000397016151489
56645.7968185	0.999443333558	0.000396795345333
56645.8799191	1.00019872542	0.000374254662057
56645.9630196	0.999844332435	0.000396899452919
56646.0461201	0.999936362727	0.000396923584428
56646.1292207	1.00033337712	0.000397007087911
56646.2123212	1.00017537234	0.000396986388382
56646.2954218	0.999622078904	0.000374191047199
56646.3785223	1.00042799114	0.000397061700169
56646.4616229	0.999590162224	0.00039690227647
56646.5447234	1.00020975866	0.000397026457623
56646.627824	0.999674435763	0.000396924837805
56646.7109245	0.9996091069	0.00037421483478
56646.794025	0.999424236035	0.000396877197802
56646.8771256	1.00064802018	0.000397119036709
56646.9602261	0.999883200783	0.000396967273875
56647.0433267	0.99963915355	0.000396914103938
56647.1264272	0.999535577071	0.000374196791001
56647.2095278	0.999501668308	0.000396892322247
56647.2926283	0.999265088438	0.000396847859133
56647.3757288	1.00017314653	0.000397031385739
56647.4588294	1.00066784658	0.000397133930271
56647.5419299	0.999276926035	0.000374167490215
56647.6250305	1.00017815317	0.000397048404174
56647.708131	1.00080873016	0.000397175989895
56647.7912316	1.00012234452	0.000397043965587
56647.8743321	1.00096262586	0.000397216024769
56647.9574327	0.999866063178	0.000374296536013
56648.0405332	1.00053227701	0.000397146234786
56648.1236337	0.999500667104	0.000396945002221
56648.2067343	0.999375584649	0.000396915824973
56648.2898348	1.00051167551	0.000397150145699
56648.3729354	0.999650602265	0.000374285251111
56648.4560359	0.999445920947	0.000396959156056
56648.5391365	0.999725703651	0.000397024021261
56648.622237	1.00052110243	0.000397191666445
56648.7053376	0.99980903996	0.000397061307218
56648.7884381	1.0007636792	0.00037454352682
56648.8715386	1.00005595667	0.000397134169937
56648.9546392	0.999835785812	0.000397103179347
56649.0377397	0.999362874609	0.000397017050393
56649.1208403	0.999958352715	0.000397141348324
56649.2039408	1.0000714404	0.000374458721602
56649.2870414	1.0001777233	0.00039720466885
56649.3701419	0.999672579253	0.000397113782883
56649.4532424	0.999739014291	0.000397135688748
56649.536343	1.00005235155	0.000374491671936
56649.6194435	0.999892332368	0.000397187021057
56649.7025441	1.0006573125	0.000397349028955
56649.7856446	0.999690170012	0.000397163949218
56649.8687452	1.00003059928	0.000397241030726
56649.9518457	1.0001680944	0.000374553236446
56650.0349463	1.00022531659	0.000397287545783
56650.1180468	0.999922559514	0.00039722906096
56650.2011473	1.00021860327	0.000397288854597
56650.2842479	0.999853144791	0.000397215663753
56650.3673484	0.999507716909	0.000374430884924
56650.450449	0.999510430446	0.000397141102882
56650.5335495	0.999526857362	0.000397141667343
56650.6166501	0.999397208099	0.000397114577177
56650.6997506	1.00064989634	0.000397357671173
56650.7828511	0.999421834604	0.000374403102717
56650.8659517	1.00019274364	0.000397268610535
56650.9490522	0.999309506321	0.000397100354078
56651.0321528	1.00010211129	0.000397260811542
56651.1152533	0.999993896566	0.000397245826119
56651.1983539	0.999924942148	0.000374524792528
56651.2814544	1.00045950103	0.000397360868143
56651.364555	1.00034124957	0.000397349744129
56651.4476555	0.999774982477	0.000397250278332
56651.530756	1.00065139396	0.000397434721164
56651.6138566	0.999595641145	0.00037451581789
56651.6969571	1.000183478	0.000397359198558
56651.7800577	1.00006300631	0.00039734323763
56651.8631582	1.00015125672	0.000397369145078
56651.9462588	0.99949995788	0.000397246836781
56652.0293593	1.00023317511	0.000374686040982
56652.1124599	0.999483880102	0.000397263955538
56652.1955604	0.999529578757	0.000397283497257
56652.2786609	1.00002601754	0.00039739380434
56652.3617615	1.00096412856	0.000397586790238
56652.444862	1.00046282608	0.000374761153137
56652.5279626	0.999836578066	0.000397376857722
56652.6110631	1.000448219	0.00039750542522
56652.6941637	0.999859483763	0.0003973928226
56652.7772642	1.00047043805	0.000397514372569
56652.8603647	1.00051339332	0.00037478700945
56652.9434653	0.999569553608	0.00039733125692
56653.0265658	0.999958793217	0.000397402563689
56653.1096664	1.0002600295	0.000397460747284
56653.1927669	1.00015113777	0.000397448063775
56653.2758675	1.00081333422	0.000374849941856
56653.358968	1.00002575701	0.000397438353391
56653.4420686	1.00006117514	0.000397453006744
56653.5251691	0.999645816587	0.000397375135664
56653.6082696	0.99982609489	0.000397416979942
56653.6913702	1.00020294741	0.000374764210691
56653.7744707	0.999795905954	0.000397420130103
56653.8575713	0.999831073801	0.000397428911502
56653.9406718	0.999696871726	0.00039740242431
56654.0237724	0.999644414569	0.000397390034853
56654.1068729	1.00026010288	0.000374780329878
56654.1899735	1.00042684166	0.000397554200584
56654.273074	1.00015100083	0.000397507714679
56654.3561745	1.00029766611	0.000397546616986
56654.4392751	0.999949479542	0.000397487589678
56654.5223756	0.999991361153	0.000374771354249
56654.6054762	0.999962677736	0.000397508201881
56654.6885767	1.0004112167	0.000397607952347
56654.7716773	0.999920919001	0.000397517096759
56654.8547778	0.999921887594	0.000397519030362
56654.9378783	0.999533080163	0.000374717349393
56655.0209789	0.999815131437	0.000397506807664
56655.1040794	0.999679390439	0.00039748947485
56655.18718	0.999654485755	0.000397498350173
56655.2702805	0.99973770996	0.000397536673513
56655.3533811	0.999431064693	0.000374762871627
56655.4364816	0.999556899496	0.000397540440953
56655.5195822	0.999940549645	0.000397633167361
56655.6026827	0.999675699359	0.000397591951177
56655.6857832	1.00073260734	0.00037505965127
56655.7688838	1.00015168249	0.000397705595498
56655.8519843	0.999414980743	0.000397567566243
56655.9350849	1.00090061005	0.000397884672892
56656.0181854	0.999758692259	0.000397666771684
56656.101286	0.999987676987	0.000374971071497
56656.1843865	1.00027271511	0.000397780304746
56656.2674871	0.999511407207	0.00039763405489
56656.3505876	0.999980559965	0.000397730302814
56656.4336881	1.00020338382	0.000397773795068
56656.5167887	1.00035325705	0.00037504948163
56656.5998892	1.00006422741	0.00039773855574
56656.6829898	1.00086979966	0.000397896255663
56656.7660903	1.00044194179	0.000397808416617
56656.8491909	0.999626385579	0.000397642642949
56656.9322914	1.00051244453	0.000375066172291
56657.0153919	0.999771261383	0.000397670872464
56657.0984925	1.000211148	0.00039776508343
56657.181593	1.00019196718	0.00039777654373
56657.2646936	1.00037672903	0.000397830745274
56657.3477941	1.00005351263	0.000375034487532
56657.4308947	1.00031134224	0.000397849424344
56657.5139952	1.00043389284	0.00039788441243
56657.5970958	1.00040489469	0.000397886315112
56657.6801963	0.999666838344	0.000397746274069
56657.7632968	0.999869664287	0.000375042291384
56657.8463974	0.999410398346	0.000397706884705
56657.9294979	0.999737059283	0.000397777664235
56658.0125985	0.999813117323	0.00039779944631
56658.095699	1.00025480468	0.000397877930628
56658.1787996	0.999688649181	0.000375009832717
56658.2619001	0.999043420522	0.000397631704456
56658.3450006	0.999527317086	0.000397730151768
56658.4281012	1.00019877099	0.000397865630262
56658.5112017	1.000494202	0.000397926030985
56658.5943023	1.00009424186	0.00037509413608
56658.6774028	0.999798750364	0.000397793462796
56658.7605034	1.00097839224	0.000398032396952
56658.8436039	0.999845397894	0.000397813834167
56658.9267045	1.00035941834	0.000397923112462
56659.009805	1.00076302461	0.000375247831488
56659.0929055	1.0009442659	0.000398053062609
56659.1760061	0.999166353631	0.00039771020354
56659.2591066	0.999843725144	0.000397855996534
56659.3422072	0.999501142314	0.000397797097977
56659.4253077	0.999375114404	0.000375030460042
56659.5084083	0.999711940219	0.000397855203725
56659.5915088	1.00005788151	0.000397932712842
56659.6746094	0.999118470513	0.000397754411213
56659.7577099	1.00005164406	0.000397947516766
56659.8408104	0.999508133255	0.000375093826547
56659.923911	1.0000416015	0.000397960619913
56660.0070115	1.00006909682	0.000397970195407
56660.0901121	0.999351048863	0.000397830051087
56660.1732126	0.999471756497	0.000397857552577
56660.2563132	0.999761761353	0.000375159078373
56660.3394137	0.999598111086	0.000397884826262
56660.4225142	1.00085251673	0.00039813091202
56660.5056148	1.00039151777	0.000398034993612
56660.5887153	0.999469800679	0.000375097266448
56660.6718159	0.999261743706	0.000397811335552
56660.7549164	0.999813420066	0.000397920994789
56660.838017	0.999434649825	0.000397847057791
56660.9211175	1.0006941696	0.000398099613819
56661.0042181	0.999590398847	0.000375126589768
56661.0873186	0.99939433782	0.000397841617824
56661.1704191	0.999846908145	0.000397933738523
56661.2535197	0.999617241814	0.00039789093603
56661.3366202	1.00034325334	0.000398036085837
56661.4197208	0.999172276356	0.000375054172292
56661.5028213	0.999820622148	0.000397938098046
56661.5859219	1.00006090453	0.000397993491162
56661.6690224	1.00019495045	0.00039803245439
56661.752123	1.00014717432	0.00039803666879
56661.8352235	0.999714830507	0.000375208176568
56661.918324	1.00011149206	0.000398074299114
56662.0014246	0.999768658139	0.000398013922463
56662.0845251	0.999663438589	0.000398002866967
56662.1676257	0.999782465969	0.000398041366422
56662.2507262	1.00041395462	0.000375409103923
56662.3338268	1.00057530376	0.000398227576515
56662.4169273	0.999716809214	0.000398070500992
56662.5000278	1.00063076264	0.000398263325447
56662.5831284	1.00033049809	0.00039821144259
56662.6662289	1.00041016846	0.000375461592143
56662.7493295	0.999998468212	0.000398161773726
56662.83243	1.00004968868	0.000398180595095
56662.9155306	1.00026033207	0.00039823143661
56662.9986311	1.00054116987	0.000398291235067
56663.0817317	0.999623354312	0.000375344862513
56663.1648322	0.999390888976	0.000398077028657
56663.2479327	0.999857402368	0.000398180116163
56663.3310333	0.999185215919	0.000398062558967
56663.4141338	0.999112926257	0.000398064903023
56663.4972344	1.0000733554	0.000375492710658
56663.5803349	1.0000210698	0.00039827081653
56663.6634355	1.00008822655	0.000398294029873
56663.746536	1.00051864517	0.000398385622279
56663.8296365	1.00029200786	0.000375561346406
56663.9127371	0.999702343714	0.00039823082775
56663.9958376	0.999357634266	0.000398165517845
56664.0789382	1.00001531869	0.000398304565649
56664.1620387	1.00005122431	0.00039831168425
56664.2451393	0.999870047311	0.000375499914728
56664.3282398	1.0002970292	0.000398363456027
56664.4113404	1.00094509755	0.00039849231536
56664.4944409	1.00002307878	0.000398305617227
56664.5775414	0.999835834592	0.000398267514545
56664.660642	1.00026553341	0.000375570935674
56664.7437425	0.99970900036	0.000398240401472
56664.8268431	0.999739751422	0.000398243535092
56664.9099436	0.999979914306	0.00039829161715
56664.9930442	0.999989634617	0.000398287866307
56665.0761447	0.999937259454	0.000375502528292
56665.1592453	1.00019827856	0.000398337222811
56665.2423458	1.00021674697	0.000398351762385
56665.3254463	1.00021989996	0.000398359510741
56665.4085469	1.00055463419	0.000398434036782
56665.4916474	0.99925760954	0.000375412118778
56665.574748	1.00016416194	0.0003983762795
56665.6578485	1.00008158874	0.000398370631231
56665.7409491	1.00001480859	0.000398366656232
56665.8240496	1.0001532496	0.000398402400136
56665.9071501	0.99966226219	0.000375531195878
56665.9902507	1.00012519984	0.000398409238988
56666.0733512	1.00076168333	0.000398540058596
56666.1564518	0.999622321868	0.000398312433297
56666.2395523	1.00005051815	0.000398401795181
56666.3226529	0.998803447246	0.000375384445279
56666.4057534	1.00095408029	0.000398583901219
56666.488854	1.00024513611	0.000398443466282
56666.5719545	1.00010732207	0.000398416567726
56666.655055	1.00020322045	0.000375650899373
56666.7381556	1.00021436347	0.000398439238537
56666.8212561	1.00003653118	0.000398402245726
56666.9043567	1.00050295992	0.000398498110968
56666.9874572	1.0000589877	0.000398409198845
56667.0705578	1.0003108558	0.000375671509361
56667.1536583	0.99975876955	0.000398351342151
56667.2367589	0.999361717867	0.00039828546754
56667.3198594	0.99996796762	0.000398408962293
56667.4029599	0.99993327377	0.000398405793391
56667.4860605	1.00041913142	0.000375716976345
56667.569161	1.00066341779	0.000398561308711
56667.6522616	1.00006001036	0.000398445350152
56667.7353621	0.999874488701	0.000398413958059
56667.8184627	1.00010839093	0.000398465395914
56667.9015632	1.00029779991	0.000375720666388
56667.9846637	0.999877385438	0.000398430859537
56668.0677643	0.999808474021	0.000398415342517
56668.1508648	1.00031788138	0.000398515394176
56668.2339654	1.00004899687	0.00039845120967
56668.3170659	1.00063518463	0.000375775681888
56668.4001665	0.999910105717	0.000398431498883
56668.483267	0.999787075562	0.000398413567757
56668.5663676	0.999932399103	0.000398449642267
56668.6494681	0.998967782611	0.000398264606689
56668.7325686	0.999241562693	0.000375545895774
56668.8156692	0.999837849724	0.000398453999542
56668.8987697	0.999858903587	0.000398468042153
56668.9818703	1.00019056073	0.000398543981963
56669.0649708	0.999622115757	0.000375652339024
56669.1480714	0.999819494483	0.000398491141888
56669.2311719	0.999914058408	0.000398524755665
56669.3142725	0.999899915025	0.000398531042359
56669.397373	1.00011819535	0.00039858131377
56669.4804735	0.999939383052	0.000375754614776
56669.5635741	1.00067980733	0.000398693947652
56669.6466746	0.999664886414	0.000398487548372
56669.7297752	0.99943840723	0.00039843312957
56669.8128757	0.999945533341	0.000398524096599
56669.8959763	0.999684367268	0.000375672479669
56669.9790768	1.00019998386	0.000398557669467
56670.0621773	1.00030004771	0.000398575803195
56670.1452779	1.00081451874	0.000398690108949
56670.2283784	1.0008300498	0.000398707010045
56670.311479	0.999879028111	0.000375735559745
56670.3945795	0.999989184198	0.000398560416683
56670.4776801	0.999739028622	0.00039852239434
56670.5607806	0.99981466084	0.000398549879574
56670.6438812	1.00040485266	0.000398685330697
56670.7269817	0.999353376642	0.000375705089728
56670.8100822	0.999678881319	0.000398576714383
56670.8931828	0.999344908395	0.000398526664278
56670.9762833	0.999758584634	0.000398620566278
56671.0593839	1.0001529158	0.00037590113346
56671.1424844	0.999947337885	0.00039866610098
56671.225585	0.999938024621	0.000398664366152
56671.3086855	0.999421132644	0.0003985587931
56671.391786	0.99971155522	0.000398616505686
56671.4748866	0.999635508165	0.000375806586255
56671.5579871	0.999412560911	0.000398561647794
56671.6410877	1.00076805309	0.000398836130816
56671.7241882	1.00052958598	0.000398798423425
56671.8072888	0.999477027591	0.000398603036362
56671.8903893	1.00012413322	0.000375948781067
56671.9734899	0.999656641523	0.000398681093783
56672.0565904	1.000065626	0.000398776966728
56672.1396909	0.999627918967	0.000398705711398
56672.2227915	1.00007638508	0.000398810849674
56672.305892	0.999566144901	0.000375920792358
56672.3889926	0.99964910172	0.000398755043106
56672.4720931	1.00054029689	0.000398945613083
56672.5551937	1.00026904259	0.000398902058058
56672.6382942	0.999349203292	0.000398728972041
56672.7213948	1.00049075224	0.000376145314562
56672.8044953	0.999646876431	0.000398796297534
56672.8875958	0.999969724202	0.000398863429093
