56546.9071712 	-0.269516103677
56546.9902718 	-0.00819020015911
56547.0733723 	0.167328256393
56547.1564728 	0.570803103011
56547.2395734 	0.0270537267209
56547.3226739 	-0.0163869264493
56547.4057745 	0.00716784752581
56547.488875 	-0.525346085322
56547.5719756 	0.094224789028
56547.6550761 	0.0589208666124
56547.7381767 	-0.013956758555
56547.8212772 	1.06372491957
56547.9043777 	-0.418798331988
56547.9874783 	-0.154619316218
56548.0705788 	0.251578602929
56548.1536794 	0.143148259459
56548.2367799 	-0.573212250576
56548.3198805 	-0.0860271631755
56548.402981 	-0.134224062283
56548.4860815 	-0.370815730885
56548.5691821 	-0.420583271972
56548.6522826 	0.0744134005188
56548.7353832 	-0.501554249423
56548.8184837 	-0.604078725729
56548.9015843 	0.204969325584
56548.9846848 	0.00479357059044
56549.0677854 	-0.31180861673
56549.1508859 	-0.457956090301
56549.2339864 	-0.0729202231194
56549.317087 	-0.233667928185
56549.4001875 	0.355554720585
56549.4832881 	0.288484567157
56549.5663886 	0.223427367624
56549.6494892 	0.17857217595
56549.7325897 	0.335694028225
56549.8156903 	0.578673258411
56549.8987908 	-0.410918527396
56549.9818913 	0.489909667798
56550.0649919 	0.167128370981
56550.1480924 	0.0978349082573
56550.231193 	0.029066043576
56550.3142935 	-0.489574406955
56550.3973941 	-0.433561319391
56550.4804946 	-0.154056677619
56550.5635951 	-0.0410906846548
56550.6466957 	0.548639156485
56550.7297962 	-0.0286918580832
56550.8128968 	-0.885072674424
56550.8959973 	0.298535703586
56550.9790979 	-0.0617682701243
56551.0621984 	0.398702950573
56551.145299 	0.0526584796028
56551.2283995 	0.659056243097
56551.3115 	-0.0554073819676
56551.3946006 	0.474007141376
56551.4777011 	-0.0142655907262
56551.5608017 	0.195199145636
56551.6439022 	-0.252499503395
56551.7270028 	0.280075726092
56551.8101033 	-0.276387909757
56551.8932038 	0.488995156028
56551.9763044 	0.710018860409
56552.0594049 	0.63341111954
56552.1425055 	0.582934407321
56552.225606 	0.461508549909
56552.3087066 	0.506662401199
56552.3918071 	0.158830347354
56552.4749077 	0.256288072264
56552.5580082 	-0.711676217905
56552.6411087 	0.711543613807
56552.7242093 	1.02779023435
56552.8073098 	0.344849659905
56552.8904104 	-0.00462346565519
56552.9735109 	0.353821463849
56553.0566115 	-0.00719157771005
56553.139712 	-0.244620654144
56553.2228126 	0.136613848413
56553.3059131 	-0.0594374938507
56553.3890136 	0.358044236013
56553.4721142 	-0.443755455052
56553.5552147 	-0.258428860853
56553.6383153 	-0.0618256075293
56553.7214158 	0.289630981116
56553.8045164 	-0.251344401062
56553.8876169 	-0.384101157862
56553.9707174 	-0.892248922342
56554.053818 	-0.216543137566
56554.1369185 	0.140226802674
56554.2200191 	-0.801260237778
56554.3031196 	-0.559066872707
56554.3862202 	0.537099741724
56554.4693207 	-0.592817948266
56554.5524213 	0.394675841158
56554.6355218 	-0.100268753783
56554.7186223 	-0.609677056157
56554.8017229 	-0.0858200290379
56554.8848234 	-0.233126186198
56554.967924 	0.971383526185
56555.0510245 	-0.25209835565
56555.1341251 	0.186068972113
56555.2172256 	0.606592475711
56555.3003262 	-0.0153553210398
56555.3834267 	0.255698438102
56555.4665272 	-0.496213579943
56555.5496278 	0.554843731743
56555.6327283 	-0.271269190594
56555.7158289 	-0.224659293147
56555.7989294 	0.197468600334
56555.88203 	-0.180873086349
56555.9651305 	0.319029813061
56556.048231 	-0.372833144524
56556.1313316 	-0.473015782195
56556.2144321 	0.232923086312
56556.2975327 	0.141586424787
56556.3806332 	0.490928339496
56556.4637338 	0.0720179842253
56556.5468343 	-0.471489264753
56556.6299349 	-0.780258053662
56556.7130354 	-0.14731820622
56556.7961359 	0.108705414476
56556.8792365 	-0.0559733046775
56556.962337 	-0.0948181773961
56557.0454376 	0.287829650089
56557.1285381 	0.382366614067
56557.2116387 	0.5029379883
56557.2947392 	-0.012520020917
56557.3778397 	-0.13003563669
56557.4609403 	0.495932647873
56557.5440408 	-0.15985792093
56557.6271414 	-0.108307139344
56557.7102419 	0.404679588932
56557.7933425 	0.75704779765
56557.876443 	-0.244694316883
56557.9595436 	-0.274497460924
56558.0426441 	0.0571192518419
56558.1257446 	0.337326508299
56558.2088452 	0.565524625327
56558.2919457 	-0.669549370752
56558.3750463 	-0.0629502462073
56558.4581468 	0.456193245286
56558.5412474 	-0.553565102546
56558.6243479 	-0.502957853369
56558.7074485 	0.735523186537
56558.790549 	-0.278749576494
56558.8736495 	-0.166771915588
56558.9567501 	-0.487554623872
56559.0398506 	0.0850474149914
56559.1229512 	-0.0185898652833
56559.2060517 	0.0885077116467
56559.2891523 	-0.856987590509
56559.3722528 	-0.0886294954028
56559.4553533 	0.327166033833
56559.5384539 	-0.628856345938
56559.6215544 	-0.257142258361
56559.704655 	-0.583794519739
56559.7877555 	0.538490256288
56559.8708561 	0.305773903413
56559.9539566 	-0.107586892001
56560.0370572 	-0.678809026264
56560.1201577 	0.00104113699206
56560.2032582 	0.0391393146241
56560.2863588 	-0.212511326517
56560.3694593 	-0.131430230051
56560.4525599 	-0.0903198223031
56560.5356604 	0.412812033106
56560.618761 	-0.78430045015
56560.7018615 	-0.133219805688
56560.7849621 	-0.323552459839
56560.8680626 	-0.123410906215
56560.9511631 	-0.676533357968
56561.0342637 	-0.130922388255
56561.1173642 	-0.581727600681
56561.2004648 	-0.0995061915881
56561.2835653 	-0.0280321845783
56561.3666659 	-0.303193415997
56561.4497664 	0.0776723005589
56561.5328669 	-0.800793008071
56561.6159675 	0.247051504949
56561.699068 	0.43572443603
56561.7821686 	-0.678309321187
56561.8652691 	-0.0766097402873
56561.9483697 	0.261561252368
56562.0314702 	-0.123658426803
56562.1145708 	-0.000254174169072
56562.1976713 	0.0141348966984
56562.2807718 	0.632128422627
56562.3638724 	-0.0218951195583
56562.4469729 	-0.404099493427
56562.5300735 	-0.0841081853566
56562.613174 	0.496064491087
56562.6962746 	0.183342909522
56562.7793751 	0.376506596387
56562.8624757 	-0.137882334703
56562.9455762 	0.345592772694
56563.0286767 	0.167577335397
56563.1117773 	0.456688790224
56563.1948778 	-0.173060916377
56563.2779784 	-0.00822845080199
56563.3610789 	-0.145357446598
56563.4441795 	0.0117676098345
56563.52728 	0.114817134953
56563.6103805 	-0.47397321443
56563.6934811 	0.279413948494
56563.7765816 	0.0760014501898
56563.8596822 	-0.890998995755
56563.9427827 	0.320924437129
56564.0258833 	-0.153822357578
56564.1089838 	-0.193035503397
56564.1920844 	-0.070663646752
56564.2751849 	-0.475020591164
56564.3582854 	-0.427720009831
56564.441386 	-0.169622315955
56564.5244865 	-0.323869473052
56564.6075871 	-0.170321227552
56564.6906876 	0.415657597032
56564.7737882 	-0.194895355736
56564.8568887 	-0.893850659362
56564.9399892 	-0.303640527052
56565.0230898 	-0.186589352015
56565.1061903 	-0.231488277751
56565.1892909 	-0.139134840708
56565.2723914 	-0.0841794143804
56565.355492 	-0.979287675221
56565.4385925 	0.448321463278
56565.5216931 	-0.0894997953376
56565.6047936 	0.145763205444
56565.6878941 	0.139672592408
56565.7709947 	0.266966882333
56565.8540952 	-0.142158258257
56565.9371958 	0.761153454168
56566.0202963 	0.406355976134
56566.1033969 	-0.634920058833
56566.1864974 	-0.304487914203
56566.269598 	-0.781341916452
56566.3526985 	-0.396079229048
56566.435799 	-0.487077185216
56566.5188996 	-0.342948558184
56566.6020001 	-0.451976791413
56566.6851007 	-0.593511161391
56566.7682012 	0.400637688427
56566.8513018 	-0.479620188451
56566.9344023 	0.118263274523
56567.0175028 	-0.0956848558825
56567.1006034 	0.382087827095
56567.1837039 	0.25075123001
56567.2668045 	-0.62604208364
56567.349905 	0.125049722705
56567.4330056 	-0.502218127463
56567.5161061 	0.311224812421
56567.5992067 	-0.362834794157
56567.6823072 	-0.100479320625
56567.7654077 	0.248705749773
56567.8485083 	-0.25084145621
56567.9316088 	-0.0390169119992
56568.0147094 	-0.565287534117
56568.0978099 	-0.306062655985
56568.1809105 	-0.0259433741293
56568.264011 	-0.401579801966
56568.3471116 	0.348906443973
56568.4302121 	-0.106097439724
56568.5133126 	-0.587721186309
56568.5964132 	0.0528761009608
56568.6795137 	0.21392949868
56568.7626143 	-0.522977239694
56568.8457148 	-0.230912847562
56568.9288154 	0.35551505853
56569.0119159 	0.471905405184
56569.0950164 	0.278968609142
56569.178117 	0.00282996713759
56569.2612175 	0.165042865781
56569.3443181 	0.164298858513
56569.4274186 	-0.558690558047
56569.5105192 	-0.460352260465
56569.5936197 	-0.355973822121
56569.6767203 	-0.0997347195812
56569.7598208 	-0.501525126223
56569.8429213 	0.206149294683
56569.9260219 	-0.134669970136
56570.0091224 	-0.123735194052
56570.092223 	-0.578195743641
56570.1753235 	0.186478697731
56570.2584241 	-0.231452296519
56570.3415246 	-0.0621429497515
56570.4246251 	0.262673564755
56570.5077257 	-0.16325885628
56570.5908262 	0.595937903787
56570.6739268 	-0.262774001636
56570.7570273 	-0.7067364759
56570.8401279 	0.212018304398
56570.9232284 	-0.181215664088
56571.006329 	-0.545613237959
56571.0894295 	-0.00228834055747
56571.17253 	-0.234423855171
56571.2556306 	0.421269074907
56571.3387311 	0.200833176344
56571.4218317 	0.513932592528
56571.5049322 	-0.034313549874
56571.5880328 	-0.123518317478
56571.6711333 	0.70728731639
56571.7542339 	-0.0747975348927
56571.8373344 	0.0272469653532
56571.9204349 	0.20620989383
56572.0035355 	0.149605647235
56572.086636 	-0.844048487746
56572.1697366 	-0.762769277746
56572.2528371 	0.289080183924
56572.3359377 	-1.03203236937
56572.4190382 	-0.0193329709419
56572.5021387 	-0.30929533409
56572.5852393 	0.110694787874
56572.6683398 	0.25078833165
56572.7514404 	-0.142782099409
56572.8345409 	-0.0358607486
56572.9176415 	0.282559277423
56573.000742 	-0.165369394626
56573.0838426 	-0.123414851405
56573.1669431 	0.502047273797
56573.2500436 	0.306954977667
56573.3331442 	0.408814276884
56573.4162447 	-0.266944361832
56573.4993453 	0.120379804853
56573.5824458 	-0.648222806339
56573.6655464 	0.435974757921
56573.7486469 	-0.368582465637
56573.8317475 	-0.243988683692
56573.914848 	0.897143040491
56573.9979485 	1.04576030359
56574.0810491 	0.154997852266
56574.1641496 	0.877755493267
56574.2472502 	0.389783369903
56574.3303507 	-0.592017931081
56574.4134513 	0.294470473622
56574.4965518 	0.0597447207612
56574.5796523 	0.618909307003
56574.6627529 	0.653031539012
56574.7458534 	-0.392053506459
56574.828954 	-0.415283026113
56574.9120545 	0.651069866812
56574.9951551 	0.177406745608
56575.0782556 	0.413502257039
56575.1613562 	0.337680754393
56575.2444567 	-0.115206535563
56575.3275572 	-0.70490490617
56575.4106578 	-0.0391054907753
56575.4937583 	-0.386868752605
56575.5768589 	-0.31372918838
56575.6599594 	0.161002188677
56575.74306 	0.21233895184
56575.8261605 	0.154706677892
56575.9092611 	0.848701410103
56575.9923616 	0.27012233526
56576.0754621 	0.758760980011
56576.1585627 	0.304844280998
56576.2416632 	-0.657428974984
56576.3247638 	0.285698105324
56576.4078643 	0.316193478719
56576.4909649 	0.0965218384532
56576.5740654 	0.916632961334
56576.6571659 	0.143870293999
56576.7402665 	0.913101823084
56576.823367 	-0.388468024602
56576.9064676 	-0.674160905815
56576.9895681 	-0.594231803743
56577.0726687 	0.824980404854
56577.1557692 	-0.227482933207
56577.2388698 	0.372045925309
56577.3219703 	-0.232714212776
56577.4050708 	-0.422116810832
56577.4881714 	0.965800767768
56577.5712719 	-0.0981463701485
56577.6543725 	-0.0886800913574
56577.737473 	0.0990928309742
56577.8205736 	-0.532176159934
56577.9036741 	0.551472662754
56577.9867746 	0.191819725663
56578.0698752 	0.155332745409
56578.1529757 	0.0471584888381
56578.2360763 	0.337080589157
56578.3191768 	0.311240023215
56578.4022774 	0.635992674213
56578.4853779 	0.159137099009
56578.5684785 	0.2495607408
56578.651579 	-0.349124093557
56578.7346795 	0.432994782551
56578.8177801 	-0.185232834269
56578.9008806 	0.608858672849
56578.9839812 	0.234742287093
56579.0670817 	-0.141495894671
56579.1501823 	-0.475273619256
56579.2332828 	0.514024350209
56579.3163834 	0.017373316903
56579.3994839 	-0.144813792296
56579.4825844 	0.0394903592153
56579.565685 	-0.268934761966
56579.6487855 	-0.131989138955
56579.7318861 	0.222137351417
56579.8149866 	0.156325636036
56579.8980872 	-0.0121245119316
56579.9811877 	0.00239523440541
56580.0642882 	0.0373399816426
56580.1473888 	0.487337536368
56580.2304893 	0.508016165486
56580.3135899 	0.0553981821467
56580.3966904 	-0.622300666746
56580.479791 	0.813255741957
56580.5628915 	-0.916110124838
56580.6459921 	0.0664809660152
56580.7290926 	0.183764951428
56580.8121931 	-0.319583952015
56580.8952937 	0.0777146022684
56580.9783942 	0.327593181196
56581.0614948 	0.0960466779017
56581.1445953 	0.615455039308
56581.2276959 	-0.0555475814552
56581.3107964 	0.414872032539
56581.393897 	-0.423151015584
56581.4769975 	0.500124671106
56581.560098 	-0.178382830814
56581.6431986 	0.311831455227
56581.7262991 	-0.0985073938332
56581.8093997 	-0.131011864881
56581.8925002 	0.585404509027
56581.9756008 	0.407292260997
56582.0587013 	-0.924225662018
56582.1418018 	-0.264141903453
56582.2249024 	-0.132149196745
56582.3080029 	0.16153237506
56582.3911035 	-0.08047996494
56582.474204 	-0.539490649787
56582.5573046 	0.608791903615
56582.6404051 	-0.564225127775
56582.7235057 	-0.0575325608638
56582.8066062 	0.0755852913132
56582.8897067 	0.0879211553148
56582.9728073 	-0.345293802306
56583.0559078 	0.681241165425
56583.1390084 	0.0625213515857
56583.2221089 	0.408551673154
56583.3052095 	-0.078337886795
56583.38831 	0.13132008872
56583.4714105 	-0.507099093751
56583.5545111 	0.93609727234
56583.6376116 	-0.565669296021
56583.7207122 	0.67922131423
56583.8038127 	0.492576330088
56583.8869133 	-0.162581365393
56583.9700138 	0.446881034791
56584.0531144 	0.412911013692
56584.1362149 	0.140926328311
56584.2193154 	0.16373776519
56584.302416 	-0.407248549136
56584.3855165 	0.17252739234
56584.4686171 	-0.197383997335
56584.5517176 	0.214196358849
56584.6348182 	0.435830053932
56584.7179187 	-0.0721550450687
56584.8010193 	-0.694214125118
56584.8841198 	0.793840400806
56584.9672203 	-0.127829850767
56585.0503209 	0.0627190566902
56585.1334214 	-0.228114819796
56585.216522 	-0.0736256171994
56585.2996225 	0.685152581511
56585.3827231 	-0.0522322306451
56585.4658236 	-0.0680197966308
56585.5489241 	0.772675390077
56585.6320247 	-0.0572063840057
56585.7151252 	-0.432826831831
56585.7982258 	0.328311139609
56585.8813263 	-0.0599008926406
56585.9644269 	0.602577724427
56586.0475274 	0.520020387862
56586.130628 	-0.110265589335
56586.2137285 	-0.0141036301065
56586.296829 	-0.819735067941
56586.3799296 	-0.128138966328
56586.4630301 	-0.388341688207
56586.5461307 	-0.116090010587
56586.6292312 	-0.137446736401
56586.7123318 	0.263343207336
56586.7954323 	-0.0675885823058
56586.8785329 	-0.287639962345
56586.9616334 	-0.224218935704
56587.0447339 	-0.123559455883
56587.1278345 	-0.23139913638
56587.210935 	-0.213783950114
56587.2940356 	0.151540315885
56587.3771361 	-0.759588721296
56587.4602367 	0.501718151305
56587.5433372 	0.597310540784
56587.6264377 	0.235164903636
56587.7095383 	-0.245196293649
56587.7926388 	0.476962826026
56587.8757394 	0.619913325617
56587.9588399 	0.163402422225
56588.0419405 	0.4461969888
56588.125041 	-0.0281275975514
56588.2081416 	0.278628266117
56588.2912421 	-0.267772383085
56588.3743426 	0.340743771329
56588.4574432 	-0.04284088416
56588.5405437 	-0.359135472434
56588.6236443 	0.159228229442
56588.7067448 	-0.114198001412
56588.7898454 	0.0830593779361
56588.8729459 	-0.221442315388
56588.9560465 	0.0401686915405
56589.039147 	-0.280365854147
56589.1222475 	0.356124264026
56589.2053481 	0.160548272528
56589.2884486 	-0.224516001499
56589.3715492 	0.319250924857
56589.4546497 	0.136088068739
56589.5377503 	0.617054673056
56589.6208508 	0.115655304954
56589.7039513 	0.270651750902
56589.7870519 	-0.416617232636
56589.8701524 	0.234452701492
56589.953253 	0.00818352618501
56590.0363535 	0.626549208601
56590.1194541 	-0.665877738366
56590.2025546 	-0.797722167554
56590.2856552 	-0.323818866072
56590.3687557 	0.0237096032441
56590.4518562 	-0.115272053146
56590.5349568 	0.0302901112126
56590.6180573 	0.0162589934902
56590.7011579 	0.0895937265675
56590.7842584 	0.142447897621
56590.867359 	-0.685667190474
56590.9504595 	-0.0213350805365
56591.03356 	-0.562869576116
56591.1166606 	0.564454099232
56591.1997611 	0.6635886827
56591.2828617 	-0.127640402851
56591.3659622 	0.00314316977119
56591.4490628 	-0.555464116573
56591.5321633 	-0.196946944687
56591.6152639 	-0.0634976817154
56591.6983644 	-0.167788720458
56591.7814649 	0.167500235527
56591.8645655 	-0.496270117325
56591.947666 	-0.387258961806
56592.0307666 	0.157126694928
56592.1138671 	0.0934319300894
56592.1969677 	-0.0953823834816
56592.2800682 	0.383560091431
56592.3631688 	-0.206681192338
56592.4462693 	-0.392041907566
56592.5293698 	0.325742292176
56592.6124704 	0.217616353316
56592.6955709 	-0.411573726921
56592.7786715 	-0.26758051571
56592.861772 	-0.0640819558163
56592.9448726 	0.540727095579
56593.0279731 	0.302392185711
56593.1110736 	-0.0200789389968
56593.1941742 	-0.139378632125
56593.2772747 	-0.207004506432
56593.3603753 	-0.724099649108
56593.4434758 	0.00477569709403
56593.5265764 	-0.554379545021
56593.6096769 	0.121893811798
56593.6927775 	-0.120656779647
56593.775878 	0.328722497897
56593.8589785 	-0.0390785791544
56593.9420791 	-0.632195114393
56594.0251796 	-1.12544577056
56594.1082802 	0.526147045145
56594.1913807 	-0.698147830022
56594.2744813 	-0.144152143273
56594.3575818 	-0.442623417336
56594.4406824 	0.10833521057
56594.5237829 	-0.916304182281
56594.6068834 	0.0718845805158
56594.689984 	-0.821233354643
56594.7730845 	0.105453219528
56594.8561851 	-0.313320124201
56594.9392856 	0.0673628614541
56595.0223862 	-0.33055709074
56595.1054867 	0.602840886506
56595.1885872 	-0.113002420411
56595.2716878 	-0.391798505099
56595.3547883 	-0.370788540263
56595.4378889 	-0.303623263145
56595.5209894 	0.248585363553
56595.60409 	-0.112944237416
56595.6871905 	-0.167385548747
56595.7702911 	0.120856112306
56595.8533916 	-0.0983959869475
56595.9364921 	-0.44011226012
56596.0195927 	-0.090446350831
56596.1026932 	-0.343031901764
56596.1857938 	-0.471980220182
56596.2688943 	-0.346501598766
56596.3519949 	-0.281329034786
56596.4350954 	-0.494143670913
56596.518196 	0.117046065578
56596.6012965 	-0.494244597984
56596.684397 	0.711674824778
56596.7674976 	0.295997450235
56596.8505981 	-0.027572834276
56596.9336987 	0.0679815739605
56597.0167992 	0.121639352285
56597.0998998 	0.560167123408
56597.1830003 	0.570839944676
56597.2661008 	0.576383332456
56597.3492014 	-0.226773986886
56597.4323019 	0.194721534
56597.5154025 	0.254406747816
56597.598503 	0.146542351915
56597.6816036 	-0.216151791003
56597.7647041 	-0.186955013582
56597.8478047 	-0.0015021231269
56597.9309052 	0.295356537725
56598.0140057 	0.407344145332
56598.0971063 	0.150720636051
56598.1802068 	0.321591587251
56598.2633074 	0.175658021611
56598.3464079 	0.387923666511
56598.4295085 	-0.265512645374
56598.512609 	1.03692307333
56598.5957095 	0.416152618987
56598.6788101 	0.573785047933
56598.7619106 	0.056240507557
56598.8450112 	-0.323366449475
56598.9281117 	-0.0511342857724
56599.0112123 	-0.288245228674
56599.0943128 	-0.154280360785
56599.1774134 	0.0860340205521
56599.2605139 	-0.730489937264
56599.3436144 	0.205269962107
56599.426715 	0.375587415005
56599.5098155 	0.214629258833
56599.5929161 	0.114900616239
56599.6760166 	-0.172210695368
56599.7591172 	-0.805003793345
56599.8422177 	-0.0903471102797
56599.9253183 	0.346190206465
56600.0084188 	-0.335589945689
56600.0915193 	-0.0187754204111
56600.1746199 	0.077566198626
56600.2577204 	0.119061968846
56600.340821 	-0.079606547122
56600.4239215 	-0.818000001851
56600.5070221 	0.440368117283
56600.5901226 	0.110740797713
56600.6732231 	-0.112118234237
56600.7563237 	-0.496489252246
56600.8394242 	0.0901356511255
56600.9225248 	-0.065220201511
56601.0056253 	0.445822037289
56601.0887259 	0.909147580133
56601.1718264 	-1.06104736553
56601.254927 	0.0815207929016
56601.3380275 	-0.331079917117
56601.421128 	0.239507770727
56601.5042286 	0.642463602745
56601.5873291 	0.493561256396
56601.6704297 	0.276426734273
56601.7535302 	0.125167163838
56601.8366308 	1.37088472768
56601.9197313 	-0.164574656733
56602.0028319 	1.68514396318
56602.0859324 	0.563915014902
56602.1690329 	0.621531794727
56602.2521335 	0.429938688958
56602.335234 	-0.0785677649244
56602.4183346 	-0.307332394349
56602.5014351 	0.603040688169
56602.5845357 	0.540167305196
56602.6676362 	0.349418074221
56602.7507367 	0.394139371542
56602.8338373 	0.395874973451
56602.9169378 	0.643745167441
56603.0000384 	0.579896736072
56603.0831389 	0.35402044684
56603.1662395 	-0.2481052077
56603.24934 	-0.398548360045
56603.3324406 	-0.621633657648
56603.4155411 	0.684001747
56603.4986416 	0.275681470186
56603.5817422 	0.0628402181906
56603.6648427 	0.0332953685319
56603.7479433 	-0.648866306254
56603.8310438 	-0.054355468649
56603.9141444 	0.0168462638807
56603.9972449 	-0.641847881143
56604.0803454 	-0.634406167441
56604.163446 	0.217042191264
56604.2465465 	-0.1499436675
56604.3296471 	-0.02677939121
56604.4127476 	0.599462497667
56604.4958482 	-1.04093994835
56604.5789487 	0.196367298275
56604.6620493 	-0.624176819942
56604.7451498 	0.17195120454
56604.8282503 	0.379929567991
56604.9113509 	-0.730720773322
56604.9944514 	-0.424432481853
56605.077552 	-0.563308555096
56605.1606525 	-0.7621498855
56605.2437531 	0.136918499434
56605.3268536 	-0.400996392736
56605.4099542 	-0.813095189519
56605.4930547 	-0.524520503347
56605.5761552 	-0.272298827963
56605.6592558 	0.0101448128879
56605.7423563 	-0.424007273225
56605.8254569 	-0.282265203818
56605.9085574 	0.18117453868
56605.991658 	-0.14132487325
56606.0747585 	0.439257157967
56606.157859 	-0.255755771416
56606.2409596 	-0.356713945149
56606.3240601 	0.39980760435
56606.4071607 	-0.363893360451
56606.4902612 	-0.144174441964
56606.5733618 	0.499033332275
56606.6564623 	0.163910779858
56606.7395629 	-0.193003306754
56606.8226634 	-0.633795299967
56606.9057639 	0.273855286463
56606.9888645 	-0.177575371225
56607.071965 	0.0535831945712
56607.1550656 	0.672617476301
56607.2381661 	-0.35425141843
56607.3212667 	0.265760012822
56607.4043672 	-0.330838732328
56607.4874678 	-0.0595443214409
56607.5705683 	-0.489002236902
56607.6536688 	0.508740517523
56607.7367694 	0.271916088062
56607.8198699 	-0.130177607663
56607.9029705 	-1.09406877722
56607.986071 	-0.0153156729892
56608.0691716 	0.0270702474617
56608.1522721 	-0.809441218239
56608.2353726 	0.752144796133
56608.3184732 	-0.0583720831986
56608.4015737 	0.150326931402
56608.4846743 	-0.482387937651
56608.5677748 	-0.252377222716
56608.6508754 	-0.650845561382
56608.7339759 	-0.819840346004
56608.8170765 	-0.621615304176
56608.900177 	-0.0663702482475
56608.9832775 	-0.134036262003
56609.0663781 	0.144595650767
56609.1494786 	-0.184012742277
56609.2325792 	0.154957831259
56609.3156797 	-0.0562314209648
56609.3987803 	-0.0992873065574
56609.4818808 	-0.168072757854
56609.5649814 	-0.503593772468
56609.6480819 	-0.23163275273
56609.7311824 	0.424093877567
56609.814283 	0.527677134624
56609.8973835 	-0.344248793884
56609.9804841 	0.174580314421
56610.0635846 	0.0639841472181
56610.1466852 	-0.388983733121
56610.2297857 	-0.000963798912835
56610.3128862 	0.197414326042
56610.3959868 	1.07862663794
56610.4790873 	-0.264469765533
56610.5621879 	-0.506732982012
56610.6452884 	0.440737986197
56610.728389 	0.43275087145
56610.8114895 	1.07571405145
56610.8945901 	-0.551855311463
56610.9776906 	0.28957487043
56611.0607911 	-0.255676006688
56611.1438917 	-0.515574986633
56611.2269922 	0.244086868306
56611.3100928 	-0.37643175953
56611.3931933 	0.205554397574
56611.4762939 	-1.36012353805
56611.5593944 	-0.237156488669
56611.6424949 	-0.387778258116
56611.7255955 	0.0668296297913
56611.808696 	-0.131731817222
56611.8917966 	-0.0584380168293
56611.9748971 	0.188273808699
56612.0579977 	-0.165295348315
56612.1410982 	-0.0178669501385
56612.2241988 	0.131606705548
56612.3072993 	-0.0296262035191
56612.3903998 	-0.0302638611668
56612.4735004 	0.045875768772
56612.5566009 	0.340295194042
56612.6397015 	0.492624056948
56612.722802 	0.493861335243
56612.8059026 	0.0660336512279
56612.8890031 	-0.253960577344
56612.9721037 	-0.567861378175
56613.0552042 	0.414332806493
56613.1383047 	0.100240222823
56613.2214053 	0.21321689697
56613.3045058 	0.388963106701
56613.3876064 	-0.275130995698
56613.4707069 	0.327333947542
56613.5538075 	-0.219679081297
56613.636908 	0.50609511556
56613.7200085 	0.851136994265
56613.8031091 	-0.0632081890307
56613.8862096 	-0.711103476548
56613.9693102 	-0.496984196014
56614.0524107 	0.289644750354
56614.1355113 	0.290199524825
56614.2186118 	0.0795322751858
56614.3017124 	0.715236143701
56614.3848129 	0.0848346481615
56614.4679134 	-0.0040708352866
56614.551014 	-0.252946290506
56614.6341145 	-0.0391721296929
56614.7172151 	-0.259726460597
56614.8003156 	0.445236364585
56614.8834162 	0.0566742781014
56614.9665167 	0.31135308776
56615.0496173 	-0.297648204196
56615.1327178 	-0.694093749955
56615.2158183 	-0.03224361338
56615.2989189 	-0.101582058342
56615.3820194 	-0.0325610170231
56615.46512 	-0.494311637189
56615.5482205 	-0.330585431018
56615.6313211 	0.90463837372
56615.7144216 	0.427646434851
56615.7975221 	0.208618888503
56615.8806227 	0.274427510798
56615.9637232 	0.89637955957
56616.0468238 	0.493182077038
56616.1299243 	0.645956931038
56616.2130249 	0.617535393783
56616.2961254 	-0.158570866881
56616.379226 	0.191027431253
56616.4623265 	0.492997526032
56616.545427 	0.653700003573
56616.6285276 	-0.44980550001
56616.7116281 	0.120323253135
56616.7947287 	0.209436975207
56616.8778292 	0.424012304063
56616.9609298 	-0.384232568102
56617.0440303 	-0.0634126734269
56617.1271308 	-0.0798794258017
56617.2102314 	-0.0183626691206
56617.2933319 	0.274600984484
56617.3764325 	0.382351627196
56617.459533 	-0.746913633112
56617.5426336 	0.521082075739
56617.6257341 	-0.204542168374
56617.7088347 	0.0126415567221
56617.7919352 	0.22963658891
56617.8750357 	-0.31140400571
56617.9581363 	-0.304154761043
56618.0412368 	-0.233169719201
56618.1243374 	0.0545064519783
56618.2074379 	0.436241820391
56618.2905385 	-0.562033201806
56618.373639 	0.143983623283
56618.4567396 	0.0237883378152
56618.5398401 	-0.390280660311
56618.6229406 	0.318178904997
56618.7060412 	0.0152571098237
56618.7891417 	-0.140166037923
56618.8722423 	-0.101219046099
56618.9553428 	0.0596133432063
56619.0384434 	-0.154325157865
56619.1215439 	0.246175768601
56619.2046444 	-0.300148301313
56619.287745 	0.296248748474
56619.3708455 	0.596155985882
56619.4539461 	-0.66312604696
56619.5370466 	0.00980727787669
56619.6201472 	0.529306382515
56619.7032477 	-0.0953849551129
56619.7863483 	-0.21141707289
56619.8694488 	0.438488187125
56619.9525493 	0.774365481001
56620.0356499 	0.16640120481
56620.1187504 	-0.28615023351
56620.201851 	-0.737437051847
56620.2849515 	-0.100888662256
56620.3680521 	-0.0287617226302
56620.4511526 	0.423572014979
56620.5342532 	-0.0388070973256
56620.6173537 	-0.404721371591
56620.7004542 	-0.329234651753
56620.7835548 	0.0988531782485
56620.8666553 	-0.701227023627
56620.9497559 	-0.644089295288
56621.0328564 	-0.0322048887704
56621.115957 	0.0888670580133
56621.1990575 	-0.327597506968
56621.282158 	-0.389409567659
56621.3652586 	0.364951621994
56621.4483591 	-0.0952338600353
56621.5314597 	0.37501820833
56621.6145602 	-0.278309134931
56621.6976608 	-0.118178727748
56621.7807613 	0.207818197867
56621.8638619 	-0.23656901602
56621.9469624 	1.13387962858
56622.0300629 	0.498826777708
56622.1131635 	0.104883687413
56622.196264 	-0.0178348043131
56622.2793646 	-0.215779015413
56622.3624651 	0.103405552112
56622.4455657 	-0.767124415686
56622.5286662 	-0.448432024804
56622.6117668 	-0.468731201192
56622.6948673 	-0.118318658844
56622.7779678 	-0.054991597723
56622.8610684 	-0.0752951657961
56622.9441689 	-0.080355668049
56623.0272695 	-0.347009525445
56623.11037 	0.247013397035
56623.1934706 	-0.0514599855765
56623.2765711 	-0.0949886992563
56623.3596716 	-0.512271918975
56623.4427722 	-0.135004584712
56623.5258727 	0.28670630557
56623.6089733 	-0.210665294112
56623.6920738 	-0.776331238722
56623.7751744 	0.0899448187556
56623.8582749 	-0.0479118596401
56623.9413755 	-0.604403766896
56624.024476 	-0.14583426997
56624.1075765 	0.0364692161585
56624.1906771 	-0.291635793497
56624.2737776 	0.271541564114
56624.3568782 	-0.104570770007
56624.4399787 	0.164993124194
56624.5230793 	0.0938607217137
56624.6061798 	0.880207758611
56624.6892803 	0.576934554897
56624.7723809 	0.28418550158
56624.8554814 	-0.0118457332759
56624.938582 	-0.795121840684
56625.0216825 	0.131433918424
56625.1047831 	0.116798543032
56625.1878836 	-0.148918558789
56625.2709842 	-0.00642518006077
56625.3540847 	0.215323836297
56625.4371852 	-0.202165251715
56625.5202858 	-0.158425695099
56625.6033863 	0.207151600228
56625.6864869 	0.869103253235
56625.7695874 	-0.119948095992
56625.852688 	-0.0741828904877
56625.9357885 	-0.317466302161
56626.0188891 	0.387700645947
56626.1019896 	0.759944141934
56626.1850901 	0.424131028791
56626.2681907 	0.123604672507
56626.3512912 	0.266868010185
56626.4343918 	0.175255382773
56626.5174923 	-0.154140731621
56626.6005929 	0.248318959946
56626.6836934 	0.490487965586
56626.7667939 	0.303414485284
56626.8498945 	0.118506629021
56626.932995 	-0.657309114086
56627.0160956 	-0.272282745102
56627.0991961 	0.414206187093
56627.1822967 	-0.353937116573
56627.2653972 	-0.000119296968819
56627.3484978 	0.446044032828
56627.4315983 	-0.192703786051
56627.5146988 	-0.307450613633
56627.5977994 	-0.042552869944
56627.6808999 	-0.808292351849
56627.7640005 	-0.630680885432
56627.847101 	0.523349881447
56627.9302016 	-0.472372512303
56628.0133021 	-0.688222222534
56628.0964027 	-0.0363127283409
56628.1795032 	0.364828578425
56628.2626037 	0.207478975731
56628.3457043 	0.479426207537
56628.4288048 	0.753030579
56628.5119054 	0.105808762015
56628.5950059 	-0.461018686257
56628.6781065 	0.239614505074
56628.761207 	-0.480833754827
56628.8443075 	0.262132212998
56628.9274081 	-0.433276119499
56629.0105086 	-0.633034714142
56629.0936092 	0.161999786947
56629.1767097 	-0.115373758057
56629.2598103 	-0.215189712279
56629.3429108 	-0.202409973537
56629.4260114 	-0.598583958961
56629.5091119 	0.302278354632
56629.5922124 	-0.122659035807
56629.675313 	-0.250475608335
56629.7584135 	0.278322537238
56629.8415141 	0.370619047774
56629.9246146 	-0.154348405532
56630.0077152 	0.213736494174
56630.0908157 	0.565852992094
56630.1739162 	-0.183893209833
56630.2570168 	-0.213510267669
56630.3401173 	-0.504712197209
56630.4232179 	0.0223019783933
56630.5063184 	0.167187606347
56630.589419 	0.329731572494
56630.6725195 	0.464728976048
56630.7556201 	0.0990225208442
56630.8387206 	0.255636092106
56630.9218211 	0.0256405057614
56631.0049217 	-0.270188220262
56631.0880222 	0.144923817262
56631.1711228 	-0.0908952818428
56631.2542233 	0.235210381655
56631.3373239 	-0.140493267424
56631.4204244 	-0.290196120845
56631.503525 	-0.561741405792
56631.5866255 	0.226014826975
56631.669726 	-0.302694624624
56631.7528266 	-0.192622580671
56631.8359271 	0.359126315078
56631.9190277 	-0.0596362485699
56632.0021282 	0.0734098146343
56632.0852288 	0.0940120174928
56632.1683293 	0.288344083258
56632.2514298 	-0.843203800154
56632.3345304 	0.608838509164
56632.4176309 	-0.0438582125271
56632.5007315 	-1.21022762644
56632.583832 	-0.550918413301
56632.6669326 	0.31456331167
56632.7500331 	0.628168724743
56632.8331337 	0.719571045701
56632.9162342 	0.237949201816
56632.9993347 	0.0591044669925
56633.0824353 	-0.272951509869
56633.1655358 	-0.116441585491
56633.2486364 	0.353728139901
56633.3317369 	0.458208818589
56633.4148375 	-0.221822036659
56633.497938 	0.149317508444
56633.5810386 	0.293930845663
56633.6641391 	0.0350804832884
56633.7472396 	0.529975990216
56633.8303402 	0.203607930336
56633.9134407 	-0.0194607900545
56633.9965413 	-0.0422365642013
56634.0796418 	0.586507236198
56634.1627424 	-0.362325787108
56634.2458429 	-0.548764998814
56634.3289434 	-0.72087365803
56634.412044 	-0.542836962878
56634.4951445 	0.561868753961
56634.5782451 	0.00910928322298
56634.6613456 	0.506701699225
56634.7444462 	0.0332738787004
56634.8275467 	0.0468028689714
56634.9106473 	0.0313581627673
56634.9937478 	0.763652109414
56635.0768483 	-0.17359041521
56635.1599489 	-0.429120904233
56635.2430494 	0.154574878678
56635.32615 	0.449675512243
56635.4092505 	-0.0884031142035
56635.4923511 	1.09149545105
56635.5754516 	0.268939930358
56635.6585522 	-0.086412008584
56635.7416527 	-0.278595642425
56635.8247532 	0.367740148702
56635.9078538 	0.390725928662
56635.9909543 	-0.222020454195
56636.0740549 	0.668066484829
56636.1571554 	0.765319979094
56636.240256 	0.0410467102942
56636.3233565 	0.332277370789
56636.406457 	-0.0938916705614
56636.4895576 	-0.581721998901
56636.5726581 	0.131557549138
56636.6557587 	-0.224331331761
56636.7388592 	0.0198633527727
56636.8219598 	0.30283465142
56636.9050603 	0.366037334557
56636.9881609 	-0.990648683142
56637.0712614 	0.707115072703
56637.1543619 	0.320373276943
56637.2374625 	0.358963378424
56637.320563 	0.616299114532
56637.4036636 	-0.745109413067
56637.4867641 	-0.0722287939833
56637.5698647 	0.416796716444
56637.6529652 	-0.0823145923905
56637.7360657 	-0.0132391546437
56637.8191663 	0.163422391523
56637.9022668 	-0.0958577084882
56637.9853674 	-0.107906005031
56638.0684679 	0.0654584483054
56638.1515685 	0.173528368165
56638.234669 	0.0421620929558
56638.3177696 	0.240690486321
56638.4008701 	0.595555581673
56638.4839706 	-0.249785542153
56638.5670712 	0.66333362867
56638.6501717 	0.122464099565
56638.7332723 	-0.207212206839
56638.8163728 	-0.188950518117
56638.8994734 	0.0899761213578
56638.9825739 	-0.396364835986
56639.0656745 	0.0530201914739
56639.148775 	0.630557111171
56639.2318755 	0.127879576928
56639.3149761 	-0.124744295434
56639.3980766 	0.413307711524
56639.4811772 	0.348145912413
56639.5642777 	-0.156864228323
56639.6473783 	-0.144007705078
56639.7304788 	0.4382447906
56639.8135793 	0.553291634525
56639.8966799 	-0.0708069134907
56639.9797804 	0.211961335007
56640.062881 	0.0118592136156
56640.1459815 	0.174794007793
56640.2290821 	0.403158400132
56640.3121826 	-0.265535312905
56640.3952832 	0.429107674271
56640.4783837 	0.215090938127
56640.5614842 	-0.0132527335302
56640.6445848 	0.336246968101
56640.7276853 	-0.0491705455039
56640.8107859 	0.124896856231
56640.8938864 	-0.203352995216
56640.976987 	-0.163930627271
56641.0600875 	-0.0347965414533
56641.1431881 	0.568523697807
56641.2262886 	-0.340050939003
56641.3093891 	0.372358263912
56641.3924897 	-0.137355803653
56641.4755902 	-0.520855463206
56641.5586908 	-0.748401800192
56641.6417913 	-0.396551576108
56641.7248919 	-0.0456614794025
56641.8079924 	-0.193040387575
56641.8910929 	-0.337953731834
56641.9741935 	0.315458465604
56642.057294 	0.113204051248
56642.1403946 	0.00969316264025
56642.2234951 	0.606060672294
56642.3065957 	-0.324626227252
56642.3896962 	0.459156368517
56642.4727968 	0.0612340731382
56642.5558973 	0.183803005131
56642.6389978 	-0.450948100725
56642.7220984 	-0.0224671956533
56642.8051989 	-0.543907051127
56642.8882995 	0.120944090378
56642.9714 	-0.361148857607
56643.0545006 	-0.639836308563
56643.1376011 	0.497088941047
56643.2207016 	0.0900935339949
56643.3038022 	0.0848199750461
56643.3869027 	0.505182519748
56643.4700033 	0.213063350608
56643.5531038 	0.299707669171
56643.6362044 	-0.289699607059
56643.7193049 	0.0430080444713
56643.8024055 	-0.20823736174
56643.885506 	-0.100699041136
56643.9686065 	0.0850475770443
56644.0517071 	0.00975610556054
56644.1348076 	0.395372578974
56644.2179082 	0.257603005774
56644.3010087 	0.718398493527
56644.3841093 	0.212308199717
56644.4672098 	0.032826471915
56644.5503104 	-0.584957764398
56644.6334109 	-0.249927374648
56644.7165114 	0.167000275918
56644.799612 	0.0886957620496
56644.8827125 	-0.329492889673
56644.9658131 	-0.0290582957791
56645.0489136 	-0.148687835684
56645.1320142 	-0.527070884925
56645.2151147 	1.06652837509
56645.2982152 	-0.232197365885
56645.3813158 	-0.50171305112
56645.4644163 	-0.0220748130153
56645.5475169 	0.0671567268838
56645.6306174 	0.0835580701777
56645.713718 	0.630700843317
56645.7968185 	-0.552132786093
56645.8799191 	0.197101042393
56645.9630196 	-0.154390523615
56646.0461201 	-0.0631133273824
56646.1292207 	0.330622433824
56646.2123212 	0.173918038618
56646.2954218 	-0.374775913564
56646.3785223 	0.424416558898
56646.4616229 	-0.406402653565
56646.5447234 	0.207994313671
56646.627824 	-0.322816149967
56646.7109245 	-0.387581976852
56646.794025 	-0.570869783256
56646.8771256 	0.642492572543
56646.9602261 	-0.115799455822
56647.0433267 	-0.357747025935
56647.1264272 	-0.460420079154
56647.2095278 	-0.494021803069
56647.2926283 	-0.728533783036
56647.3757288 	0.171638775662
56647.4588294 	0.662011195742
56647.5419299 	-0.716734583148
56647.6250305 	0.176585971394
56647.708131 	0.801591840021
56647.7912316 	0.121261005131
56647.8743321 	0.954072079382
56647.9574327 	-0.132742703834
56648.0405332 	0.527515691146
56648.1236337 	-0.494851464968
56648.2067343 	-0.618792812473
56648.2898348 	0.507052961301
56648.3729354 	-0.346230870264
56648.4560359 	-0.549040575495
56648.5391365 	-0.271793923014
56648.622237 	0.516332924857
56648.7053376 	-0.189206575513
56648.7884381 	0.756644180564
56648.8715386 	0.0554395347856
56648.9546392 	-0.162691711154
56649.0377397 	-0.631199532566
56649.1208403 	-0.0412586920879
56649.2039408 	0.0707716989724
56649.2870414 	0.176054503974
56649.3701419 	-0.324336613387
56649.4532424 	-0.258519624419
56649.536343 	0.0518553275678
56649.6194435 	-0.106643886726
56649.7025441 	0.651043036049
56649.7856446 	-0.3068656424
56649.8687452 	0.0303056112698
56649.9518457 	0.16647616877
56650.0349463 	0.223140810441
56650.1180468 	-0.0766903840022
56650.2011473 	0.216479366123
56650.2842479 	-0.145424041505
56650.3673484 	-0.487470996165
56650.450449 	-0.484769480527
56650.5335495 	-0.468489608866
56650.6166501 	-0.596846003858
56650.6997506 	0.643466557231
56650.7828511 	-0.572428159926
56650.8659517 	0.190825301342
56650.9490522 	-0.683600884228
56651.0321528 	0.101088943677
56651.1152533 	-0.00604214520104
56651.1983539 	-0.0743019235522
56651.2814544 	0.454859659368
56651.364555 	0.337792539867
56651.4476555 	-0.222731318308
56651.530756 	0.64475643551
56651.6138566 	-0.400226573018
56651.6969571 	0.181597542863
56651.7800577 	0.0623586974496
56651.8631582 	0.149697536501
56651.9462588 	-0.494872791692
56652.0293593 	0.230757692635
56652.1124599 	-0.510753798232
56652.1955604 	-0.465516344523
56652.2786609 	0.0257454944169
56652.3617615 	0.954018879237
56652.444862 	0.457959264718
56652.5279626 	-0.161698644868
56652.6110631 	0.443479254259
56652.6941637 	-0.139026170629
56652.7772642 	0.465435492251
56652.8603647 	0.507918782548
56652.9434653 	-0.425843615095
56653.0265658 	-0.0407649378861
56653.1096664 	0.257233600434
56653.1927669 	0.14950823366
56653.2758675 	0.804540928048
56653.358968 	0.0254777733981
56653.4420686 	0.0605101259612
56653.5251691 	-0.35032274346
56653.6082696 	-0.172004364225
56653.6913702 	0.200723233299
56653.7744707 	-0.201851263078
56653.8575713 	-0.167064876115
56653.9406718 	-0.299779267998
56654.0237724 	-0.351646350489
56654.1068729 	0.257213830228
56654.1899735 	0.422087963386
56654.273074 	0.14931468381
56654.3561745 	0.294333421127
56654.4392751 	-0.049953333037
56654.5223756 	-0.00854161485438
56654.6054762 	-0.0369010891025
56654.6885767 	0.406564027051
56654.7716773 	-0.0781839051749
56654.8547778 	-0.0772239899443
56654.9378783 	-0.461595486635
56655.0209789 	-0.182755013629
56655.1040794 	-0.316934642083
56655.18718 	-0.341543642791
56655.2702805 	-0.259268081904
56655.3533811 	-0.562363529218
56655.4364816 	-0.437969141883
56655.5195822 	-0.0587601266998
56655.6026827 	-0.320525870811
56655.6857832 	0.724058329394
56655.7688838 	0.149907979525
56655.8519843 	-0.578157899558
56655.9350849 	0.890020680333
56656.0181854 	-0.238463310931
56656.101286 	-0.0121773901678
56656.1843865 	0.269484339492
56656.2674871 	-0.48279013977
56656.3505876 	-0.0192085850804
56656.4336881 	0.200956358165
56656.5167887 	0.349030345564
56656.5998892 	0.0634570319976
56656.6829898 	0.859341134636
56656.7660903 	0.436614790364
56656.8491909 	-0.369099972652
56656.9322914 	0.506237429477
56657.0153919 	-0.225961206654
56657.0984925 	0.208577943547
56657.181593 	0.189624915975
56657.2646936 	0.372121272785
56657.3477941 	0.0528565358787
56657.4308947 	0.307515829405
56657.5139952 	0.428547456269
56657.5970958 	0.399894583617
56657.6801963 	-0.329037548643
56657.7632968 	-0.128718474924
56657.8463974 	-0.582268310648
56657.9294979 	-0.259662545894
56658.0125985 	-0.184547225529
56658.095699 	0.251612891366
56658.1787996 	-0.307441507077
56658.2619001 	-0.944540434935
56658.3450006 	-0.46671999363
56658.4281012 	0.196257611413
56658.5112017 	0.487938420124
56658.5943023 	0.0930446416236
56658.6774028 	-0.198687082154
56658.7605034 	0.965905266907
56658.8436039 	-0.152624392254
56658.9267045 	0.354809942475
56659.009805 	0.753218713037
56659.0929055 	0.932102921
56659.1760061 	-0.822883646071
56659.2591066 	-0.154252667226
56659.3422072 	-0.492387761365
56659.4253077 	-0.616762701533
56659.5084083 	-0.284306782636
56659.5915088 	0.0571256912883
56659.6746094 	-0.869992386669
56659.7577099 	0.0509666384542
56659.8408104 	-0.485400346784
56659.923911 	0.0410533471733
56660.0070115 	0.0681843492928
56660.0901121 	-0.640362128343
56660.1732126 	-0.52123649076
56660.2563132 	-0.235071440882
56660.3394137 	-0.396534234731
56660.4225142 	0.841132822244
56660.5056148 	0.386278162591
56660.5887153 	-0.523088110707
56660.6718159 	-0.728332762582
56660.7549164 	-0.184066447047
56660.838017 	-0.557717449039
56660.9211175 	0.684777212434
56661.0042181 	-0.404046998568
56661.0873186 	-0.597431582051
56661.1704191 	-0.151006907471
56661.2535197 	-0.377534133292
56661.3366202 	0.33855833549
56661.4197208 	-0.816377655079
56661.5028213 	-0.176913743989
56661.5859219 	0.0600660858028
56661.6690224 	0.192260922307
56661.752123 	0.145139566563
56661.8352235 	-0.281218472413
56661.918324 	0.109944052911
56662.0014246 	-0.228122970938
56662.0845251 	-0.331868567936
56662.1676257 	-0.214494428056
56662.2507262 	0.40815822573
56662.3338268 	0.567231098444
56662.4169273 	-0.279208699881
56662.5000278 	0.621874564278
56662.5831284 	0.325831295443
56662.6662289 	0.404364579649
56662.7493295 	-0.00151006808755
56662.83243 	0.0489826592723
56662.9155306 	0.256625338739
56662.9986311 	0.533448482358
56663.0817317 	-0.371260615868
56663.1648322 	-0.600384328885
56663.2479327 	-0.140550439179
56663.3310333 	-0.80306266624
56663.4141338 	-0.874286218012
56663.4972344 	0.0722957885009
56663.5803349 	0.0207648323577
56663.6634355 	0.0869469265493
56663.746536 	0.51110751714
56663.8296365 	0.287755395638
56663.9127371 	-0.293312793453
56663.9958376 	-0.632973197063
56664.0789382 	0.0150942517884
56664.1620387 	0.0504723031763
56664.2451393 	-0.128041054923
56664.3282398 	0.292651081568
56664.4113404 	0.931139236622
56664.4944409 	0.0227372493225
56664.5775414 	-0.161731141833
56664.660642 	0.261588219651
56664.7437425 	-0.286667505137
56664.8268431 	-0.256366566235
56664.9099436 	-0.0197854925503
56664.9930442 	-0.0102101561279
56665.0761447 	-0.0617991258647
56665.1592453 	0.195297553189
56665.2423458 	0.213481916136
56665.3254463 	0.216580926465
56665.4085469 	0.546246546661
56665.4916474 	-0.731141536168
56665.574748 	0.16166967692
56665.6578485 	0.0803476760387
56665.7409491 	0.0145828941254
56665.8240496 	0.150909457297
56665.9071501 	-0.332570551965
56665.9902507 	0.123280641817
56666.0733512 	0.749984992767
56666.1564518 	-0.371866424189
56666.2395523 	0.0497392910772
56666.3226529 	-1.17806971551
56666.4057534 	0.939314602177
56666.488854 	0.241335070061
56666.5719545 	0.105654793278
56666.655055 	0.200057376298
56666.7381556 	0.211020647587
56666.8212561 	0.035960431293
56666.9043567 	0.495087048321
56666.9874572 	0.0580626198185
56667.0705578 	0.305971638689
56667.1536583 	-0.237433138917
56667.2367589 	-0.6282158681
56667.3198594 	-0.0315262577034
56667.4029599 	-0.065669969266
56667.4860605 	0.412484330671
56667.569161 	0.652876977269
56667.6522616 	0.059055107416
56667.7353621 	-0.12350970372
56667.8184627 	0.106659174744
56667.9015632 	0.293033202978
56667.9846637 	-0.120648332561
56668.0677643 	-0.188449058424
56668.1508648 	0.312765168565
56668.2339654 	0.0482068372816
56668.3170659 	0.624924114906
56668.4001665 	-0.0884395206923
56668.483267 	-0.209472407328
56668.5663676 	-0.0665029301381
56668.6494681 	-1.01542183693
56668.7325686 	-0.746074200256
56668.8156692 	-0.159502330679
56668.8987697 	-0.138788129003
56668.9818703 	0.187437624627
56669.0649708 	-0.371679958588
56669.1480714 	-0.177536578798
56669.2311719 	-0.0845255037984
56669.3142725 	-0.0984328967437
56669.397373 	0.116240846575
56669.4804735 	-0.0596127914062
56669.5635741 	0.668525913744
56669.6466746 	-0.32954250776
56669.7297752 	-0.552240079082
56669.8128757 	-0.0535579760023
56669.8959763 	-0.31035765469
56669.9790768 	0.196635704077
56670.0621773 	0.295015443729
56670.1452779 	0.800834050689
56670.2283784 	0.816079757187
56670.311479 	-0.118932328956
56670.3945795 	-0.0106331315068
56670.4776801 	-0.25655610465
56670.5607806 	-0.182198027144
56670.6438812 	0.397979298823
56670.7269817 	-0.635626335509
56670.8100822 	-0.315648021719
56670.8931828 	-0.643912033393
56670.9762833 	-0.237288354283
56671.0593839 	0.150297197413
56671.1424844 	-0.0517587550513
56671.225585 	-0.0609104378791
56671.3086855 	-0.568903492813
56671.391786 	-0.283471388441
56671.4748866 	-0.358196516357
56671.5579871 	-0.577275867297
56671.6410877 	0.754742501527
56671.7241882 	0.520392531381
56671.8072888 	-0.513878393951
56671.8903893 	0.121971003802
56671.9734899 	-0.33736759758
56672.0565904 	0.0644790331773
56672.1396909 	-0.365567130522
56672.2227915 	0.0750455887148
56672.305892 	-0.426234232823
56672.3889926 	-0.34472427537
56672.4720931 	0.53077455936
56672.5551937 	0.264293011131
56672.6382942 	-0.639288651767
56672.7213948 	0.482059833427
56672.8044953 	-0.346858518992
56672.8875958 	-0.0297377606322
