1.00001
1.00001
0.999742
1.00013
1.00002
1.00009
1.00025
1.0003
0.999975
0.999768
0.999965
1.00005
0.999909
1.00009
1.00014
0.999948
0.999801
0.99991
0.999736
0.999867
1.00008
1.00012
0.999901
0.999749
0.999846
0.999925
0.999831
0.999901
0.999822
1.0001
0.999716
0.999982
1
0.999854
0.999983
1.00003
1.00041
1.00007
1.00018
1.00012
1.00005
1.0002
1.00006
1.00004
1.00005
1.0001
1.00002
0.999952
1.00008
1.00021
1.00002
1.00011
0.999935
0.999836
1.0003
0.999984
1.00014
0.999886
0.99994
0.999915
1.00001
0.999891
0.999836
0.999665
0.999923
0.999767
1.00009
1.00012
1.00032
0.999931
0.999959
0.999926
1.00015
1.00053
1.00039
0.999899
0.999838
0.999689
0.999798
0.999939
1.00001
0.9999
0.999661
0.999967
1.00009
1.00006
0.999767
1.00014
1.0001
1.00012
0.999919
1.00009
1.00037
1.0001
0.999891
0.999972
1.00007
0.999991
0.999829
0.999945
0.999991
0.999879
0.999833
1.00021
0.999929
1.00026
1.00007
0.999848
1.00003
0.999842
1.00007
1.00005
0.99992
1
0.999987
1.00019
0.99988
1.00015
1.00029
1.00003
1.00006
1.00012
1.00006
1.00015
1.00017
1.00002
0.999798
1.00001
1.00004
1.00016
0.999823
1.00008
0.999979
0.999742
1.00021
0.999984
0.999862
1.00003
0.999789
1.00013
1.00005
1.00018
0.999885
1.00011
0.999669
1.00008
1.00023
1.00008
0.999872
1.00013
0.999698
0.999784
0.999838
1.00004
1.00017
0.999838
1.00001
1.00003
1.00004
1.00012
1.00006
1.0001
0.999695
0.999921
1.00022
0.999701
0.999922
0.999951
